0.	0.
0.0078125	-0.000025926238495843634
0.015625	-0.00010767508380816871
0.0234375	-0.00024398321550012092
0.03125	-0.0004349408046971555
0.0390625	-0.0006806742591314801
0.046875	-0.0009813464118930198
0.0546875	-0.0013371569434495558
0.0625	-0.0017483412059082061
0.0703125	-0.002215174130328406
0.078125	-0.002737966574467957
0.0859375	-0.003317067834770303
0.09375	-0.0039528655537540425
0.1015625	-0.004645786784906262
0.109375	-0.005396298016874721
0.1171875	-0.006204906138352169
0.125	-0.007072158942542576
0.1328125	-0.007998646287578367
0.140625	-0.008985000562254807
0.1484375	-0.01003189751224588
0.15625	-0.011140057411182945
0.1640625	-0.01231053241584237
0.171875	-0.013543720074995047
0.1796875	-0.014840005494641866
0.1875	-0.01620134423280866
0.1953125	-0.01762833597841519
0.203125	-0.019122296212894248
0.2109375	-0.020683924540849812
0.21875	-0.022313879792908626
0.22265625	-0.021222709465057468
0.2265625	-0.018348924257417694
0.23046875	-0.013813264633862751
0.234375	-0.007726448185207118
0.23828125	-0.00019046638399005604
0.2421875	0.00870255182614008
0.24609375	0.018865996897088663
0.25	0.030221365867022287
0.2578125	0.05455171128219632
0.265625	0.07654727291263803
0.2734375	0.09647925660124318
0.28125	0.11457174409351142
0.2890625	0.13102126378239326
0.296875	0.1459995180746935
0.3046875	0.1596607916089969
0.3125	0.17213201805094122
0.3203125	0.18353189639986608
0.328125	0.19396272970599576
0.3359375	0.20351146589507582
0.34375	0.21226624729362767
0.3515625	0.22028974740030036
0.359375	0.22765141667711936
0.3671875	0.23440778931444659
0.375	0.24060722189206668
0.3828125	0.24630471111260802
0.390625	0.25152287386273353
0.3984375	0.25631694517256054
0.40625	0.2607161853108298
0.4140625	0.264748727702697
0.421875	0.2684449725239196
0.4296875	0.27183033584626143
0.4375	0.2749267084718109
0.4453125	0.2777560159354297
0.453125	0.280338347678852
0.4609375	0.2826895692419021
0.46875	0.28482669152812
0.4765625	0.2867651222916712
0.484375	0.2885182232025022
0.4921875	0.29010249599786636
0.5	0.2915182810343936
0.5078125	0.2927866550239356
0.515625	0.29391603693625146
0.5234375	0.29491370816483137
0.53125	0.2957888568346131
0.5390625	0.2965489880799217
0.546875	0.29720132396411614
0.5546875	0.297753441351076
0.5625	0.2982115950535662
0.5703125	0.29858128075414303
0.578125	0.2988680407667959
0.5859375	0.29907707670303885
0.59375	0.2992129745595196
0.6015625	0.299280371493944
0.609375	0.29928323881294455
0.6171875	0.29922559192927234
0.625	0.29911150120924784
0.6328125	0.29894423598208014
0.640625	0.29872657325985164
0.6484375	0.29846165182908485
0.65625	0.2981523626462146
0.6640625	0.29780142939745624
0.671875	0.29741134051750406
0.6796875	0.29698420081982435
0.6875	0.2965221395319577
0.6953125	0.296027671975166
0.703125	0.2955028621084595
0.7109375	0.2949492765098968
0.71875	0.2943685695445214
0.7265625	0.29376252379268875
0.734375	0.29313251938137297
0.7421875	0.29247989745569314
0.75	0.2918060495149233
0.7578125	0.2911124334764358
0.765625	0.29040028144928764
0.7734375	0.28967080177661014
0.78125	0.28892515294313637
0.7890625	0.28816441918753294
0.796875	0.28738951494014137
0.8046875	0.286601300913746
0.8125	0.2858006128740353
0.8203125	0.284988325286388
0.828125	0.28416516123301216
0.8359375	0.2833319111541728
0.84375	0.28248934151816485
0.8515625	0.2816381703423412
0.859375	0.2807789452915672
0.8671875	0.2799122755217266
0.875	0.27903869346686694
0.8828125	0.2781588095188882
0.890625	0.27727318744140594
0.8984375	0.27638233116357874
0.90625	0.2754867824184526
0.9140625	0.2745869739312543
0.921875	0.2736832261995541
0.9296875	0.2727759449498081
0.9375	0.27186548506419544
0.9453125	0.2709522765825827
0.953125	0.2700366820654208
0.9609375	0.26911901788475745
0.96875	0.26819956266688916
0.9765625	0.2672785575060269
0.984375	0.2663562011662237
0.9921875	0.26543277232450946
1.	0.2645085936841174
1.0078125	0.2635839137321655
1.015625	0.26265898453691094
1.0234375	0.26173397326354403
1.03125	0.2608090288663296
1.0390625	0.25988450067525537
1.046875	0.25896060805464755
1.0546875	0.25803766165131026
1.0625	0.2571158931811677
1.0703125	0.256195319923109
1.078125	0.2552760141888563
1.0859375	0.2543579973312295
1.09375	0.2534413614963352
1.1015625	0.25252631196330405
1.109375	0.25161296796877813
1.1171875	0.2507015194526799
1.125	0.24979208225730526
1.1328125	0.24888473453263732
1.140625	0.24797958823887362
1.1484375	0.24707663668240676
1.15625	0.2461760507067695
1.1640625	0.24527798203929313
1.171875	0.2443825036444934
1.1796875	0.2434898371699616
1.1875	0.24259989176218733
1.1953125	0.2417126648927089
1.203125	0.2408282371454088
1.2109375	0.2399465822067424
1.21875	0.23906789810179296
1.2265625	0.23819230566810967
1.234375	0.23731980934851793
1.2421875	0.23645049414216057
1.25	0.23558431656300188
1.2578125	0.2347212745559779
1.265625	0.23386143330338513
1.2734375	0.2330048271593473
1.28125	0.23215149047798833
1.2890625	0.231301476170105
1.296875	0.23045482563625785
1.3046875	0.22961156966876592
1.3125	0.22877175862589175
1.3203125	0.22793540662536285
1.328125	0.22710248932403138
1.3359375	0.22627302517433862
1.34375	0.225447032628726
1.3515625	0.22462454719742922
1.359375	0.22380559501516442
1.3671875	0.22299019103927062
1.375	0.22217834580962065
1.3828125	0.22137006491717395
1.390625	0.22056533365922348
1.3984375	0.2197641593028027
1.40625	0.21896654911494534
1.4140625	0.21817252413139734
1.421875	0.21738209219794044
1.4296875	0.21659526073382887
1.4375	0.21581203319829886
1.4453125	0.21503240519273512
1.453125	0.21425636222524214
1.4609375	0.21348390385051694
1.46875	0.21271502962325634
1.4765625	0.21194974848758685
1.484375	0.21118806493057696
1.4921875	0.21042997341762681
1.5	0.20967547190862398
1.5078125	0.20892455353015718
1.515625	0.20817719893235132
1.5234375	0.20743340158334075
1.53125	0.20669315495126
1.5390625	0.20595645744527227
1.546875	0.2052233035702192
1.5546875	0.20449368968550372
1.5625	0.20376760744578112
1.5703125	0.20304504204647714
1.578125	0.20232597789527704
1.5859375	0.2016104048662456
1.59375	0.20089831283344772
1.6015625	0.20018969557058508
1.609375	0.19948454499207052
1.6171875	0.19878284841149657
1.625	0.19808459416753765
1.6328125	0.19738977242974795
1.640625	0.19669836384523867
1.6484375	0.19601035580034235
1.65625	0.19532573568139142
1.6640625	0.19464449328860967
1.671875	0.1939666164360274
1.6796875	0.19329209368913655
1.6875	0.19262091261030345
1.6953125	0.1919530560472641
1.703125	0.1912885066719293
1.7109375	0.19062725006419817
1.71875	0.18996927180396983
1.7265625	0.189314558692551
1.734375	0.18866309710955814
1.7421875	0.1880148718479504
1.75	0.187369867680301
1.7578125	0.186728069717419
1.765625	0.1860894613227967
1.7734375	0.18545402733309868
1.78125	0.18482175258498953
1.7890625	0.18419262238240797
1.796875	0.1835666212635602
1.8046875	0.1829437343081767
1.8125	0.18232394680787456
1.8203125	0.1817072441340712
1.828125	0.181093608891956
1.8359375	0.1804830255265314
1.84375	0.17987547848279972
1.8515625	0.1792709511875099
1.859375	0.17866942924763846
1.8671875	0.17807089791701458
1.875	0.1774753427449981
1.8828125	0.17688274653151828
1.890625	0.17629309317310962
1.8984375	0.17570636692563188
1.90625	0.17512255204494478
1.9140625	0.17454163366780956
1.921875	0.1739635953302355
1.9296875	0.17338842120242887
1.9375	0.17281609406244378
1.9453125	0.17224659914036156
1.953125	0.17167992074795574
1.9609375	0.1711160431193278
1.96875	0.1705549504885791
1.9765625	0.16999662497062287
1.984375	0.169441051089738
1.9921875	0.16888821352961497
2.	0.1683380983934654
2.0078125	0.16779069086165352
2.015625	0.1672459762321337
2.0234375	0.16670393941979125
2.03125	0.16616456533951157
2.0390625	0.16562783881759285
2.046875	0.16509374457680437
2.0546875	0.16456226777054347
2.0625	0.16403339309250414
2.0703125	0.1635071055781049
2.078125	0.16298339055688352
2.0859375	0.16246223305037208
2.09375	0.16194361808010263
2.1015625	0.16142752937622504
2.109375	0.16091395187414936
2.1171875	0.1604028709969531
2.125	0.15989427236967038
2.1328125	0.15938814191908848
2.140625	0.15888446599143158
2.1484375	0.15838323018216624
2.15625	0.15788442008675924
2.1640625	0.15738801982425704
2.171875	0.1568940146011784
2.1796875	0.15640239045852938
2.1875	0.15591313357042777
2.1953125	0.15542623078034676
2.203125	0.15494166973664913
2.2109375	0.15445943683474084
2.21875	0.1539795184700274
2.2265625	0.1535018974478778
2.234375	0.15302655923902955
2.2421875	0.15255349039830723
2.25	0.15208267785510113
2.2578125	0.1516141090962148
2.265625	0.1511477736358514
2.2734375	0.15068365866152253
2.28125	0.1502217513607401
2.2890625	0.14976203892101572
2.296875	0.14930450852986113
2.3046875	0.14884914737478813
2.3125	0.1483959426433084
2.3203125	0.14794488152293364
2.328125	0.14749595120117562
2.3359375	0.14704913886554605
2.34375	0.14660443170355675
2.3515625	0.14616180891467215
2.359375	0.1457212551593046
2.3671875	0.1452827585313244
2.375	0.14484630704773618
2.3828125	0.1444118920597609
2.390625	0.14397950867132747
2.3984375	0.14354914514739395
2.40625	0.14312078975291853
2.4140625	0.14269443075285937
2.421875	0.14227005641217458
2.4296875	0.14184765499582233
2.4375	0.14142721476876083
2.4453125	0.14100872399594813
2.453125	0.14059217094234244
2.4609375	0.14017754387290188
2.46875	0.13976483105258464
2.4765625	0.13935401210527068
2.484375	0.13894507316993981
2.4921875	0.1385380034147491
2.5	0.13813279241632698
2.5078125	0.13772943189651518
2.515625	0.13732791864473096
2.5234375	0.13692824204147588
2.53125	0.1365303914672515
2.5390625	0.13613435630255943
2.546875	0.13574012592790127
2.5546875	0.13534768972377856
2.5625	0.13495703707069295
2.5703125	0.13456815734914598
2.578125	0.13418103993963928
2.5859375	0.13379567422267444
2.59375	0.133412049578753
2.6015625	0.13303014741383348
2.609375	0.13264995485445852
2.6171875	0.13227146204593185
2.625	0.13189465933659403
2.6328125	0.13151953972651964
2.640625	0.13114610072519292
2.6484375	0.1307743327781314
2.65625	0.13040422633085264
2.6640625	0.13003577182887416
2.671875	0.12966895971771344
2.6796875	0.12930378044288807
2.6875	0.1289402244499155
2.6953125	0.12857828218431339
2.703125	0.1282179440915991
2.7109375	0.12785920061729023
2.71875	0.12750204220690436
2.7265625	0.12714645205180672
2.734375	0.12679241859923734
2.7421875	0.12643993309555424
2.75	0.12608898672278213
2.7578125	0.12573957312781964
2.765625	0.12539169021331567
2.7734375	0.12504532938974572
2.78125	0.12470048206758509
2.7890625	0.12435713965730935
2.796875	0.12401529356939384
2.8046875	0.123674935214314
2.8125	0.12333605600254526
2.8203125	0.122998647344563
2.828125	0.1226627006508427
2.8359375	0.12232820733185977
2.84375	0.12199515879808964
2.8515625	0.12166353989816951
2.859375	0.12133334024396815
2.8671875	0.12100455127608038
2.875	0.12067716571087878
2.8828125	0.12035117786732391
2.890625	0.12002658598631373
2.8984375	0.11970338237009444
2.90625	0.11938155932091218
2.9140625	0.11906110914101314
2.921875	0.1187420241326435
2.9296875	0.11842429659804937
2.9375	0.11810791883947697
2.9453125	0.11779288315917241
2.953125	0.11747918185938191
2.9609375	0.11716680724235166
2.96875	0.11685575161032775
2.9765625	0.1165460025965028
2.984375	0.11623755082523883
2.9921875	0.11593038900996164
3.	0.11562450895608316
3.0078125	0.11531990544932073
3.015625	0.11501657680516583
3.0234375	0.11471451602983228
3.03125	0.1144137161295339
3.0390625	0.11411417011048451
3.046875	0.11381587097889799
3.0546875	0.11351881174098806
3.0625	0.11322298540296864
3.0703125	0.11292838497105355
3.078125	0.11263500345145656
3.0859375	0.11234283385039154
3.09375	0.11205186917407237
3.1015625	0.1117620934078882
3.109375	0.11147349752517763
3.1171875	0.11118607783115506
3.125	0.11089982975124056
3.1328125	0.11061474893777618
3.140625	0.110330834228686
3.1484375	0.1100480795771883
3.15625	0.10976647893650132
3.1640625	0.10948602625984326
3.171875	0.10920671550043241
3.1796875	0.10892854061148696
3.1875	0.10865149554622519
3.1953125	0.10837557425786536
3.203125	0.10810077069962565
3.2109375	0.10782707882472432
3.21875	0.10755449258637968
3.2265625	0.10728300676920509
3.234375	0.10701261512631191
3.2421875	0.10674330710033932
3.25	0.10647507505736717
3.2578125	0.10620791443677884
3.265625	0.10594182363981113
3.2734375	0.10567679690162046
3.28125	0.10541282845736338
3.2890625	0.10514991254219637
3.296875	0.10488804339127587
3.3046875	0.10462721523975836
3.3125	0.10436742232280033
3.3203125	0.10410865887555827
3.328125	0.1038509191331887
3.3359375	0.10359419733084801
3.34375	0.10333848770369276
3.3515625	0.10308377696978588
3.359375	0.10283005730100075
3.3671875	0.10257732639021003
3.375	0.10232558028082889
3.3828125	0.10207481550098245
3.390625	0.10182503092615738
3.3984375	0.10157622157362685
3.40625	0.10132838246066406
3.4140625	0.10108150860454213
3.421875	0.10083559502253424
3.4296875	0.10059063673191357
3.4375	0.10034662874995329
3.4453125	0.10010356609392654
3.453125	0.09986144378110651
3.4609375	0.09962025682876635
3.46875	0.09938000025417922
3.4765625	0.09914066624660925
3.484375	0.09890224902718879
3.4921875	0.09866474329968733
3.5	0.09842814399493233
3.5078125	0.09819244753303716
3.515625	0.09795765281736833
3.5234375	0.09772375530279608
3.53125	0.09749075044419057
3.5390625	0.09725863369642211
3.546875	0.09702740051436082
3.5546875	0.09679704635287696
3.5625	0.09656756666684077
3.5703125	0.09633895691112243
3.578125	0.09611121254059214
3.5859375	0.09588432901012016
3.59375	0.09565830177457668
3.6015625	0.09543312315222202
3.609375	0.0952087876257171
3.6171875	0.09498529076441303
3.625	0.0947626284185566
3.6328125	0.09454079755100331
3.640625	0.09431979703162076
3.6484375	0.09409962275359351
3.65625	0.09388027061010622
3.6640625	0.09366173649434337
3.671875	0.09344401629948962
3.6796875	0.09322710591872947
3.6875	0.09301100124524758
3.6953125	0.09279569817222849
3.703125	0.09258119259285674
3.7109375	0.09236748040031699
3.71875	0.09215455748779378
3.7265625	0.09194241688757358
3.734375	0.09173105370717888
3.7421875	0.09152046405028066
3.75	0.0913106442355114
3.7578125	0.09110159123844225
3.765625	0.09089330405054377
3.7734375	0.0906857789508037
3.78125	0.09047901221820968
3.7890625	0.09027300013174955
3.796875	0.09006773897041091
3.8046875	0.08986322501318154
3.8125	0.08965945453904912
3.8203125	0.08945642382700143
3.828125	0.08925412915602614
3.8359375	0.08905256680511099
3.84375	0.08885173305324366
3.8515625	0.08865162159099266
3.859375	0.08845222785536945
3.8671875	0.08825354833536464
3.875	0.08805557934206551
3.8828125	0.0878583186807249
3.890625	0.08766176539223475
3.8984375	0.08746591612018183
3.90625	0.087270767508153
3.9140625	0.08707631619973509
3.921875	0.08688255883851491
3.9296875	0.08668949206807926
3.9375	0.08649711253201495
3.9453125	0.08630541687390883
3.953125	0.0861144017373477
3.9609375	0.0859240637659184
3.96875	0.08573439960320768
3.9765625	0.08554540378246794
3.984375	0.08535707237075216
3.9921875	0.0851694021461929
4.	0.08498239011608136
4.0078125	0.08479603351538703
4.015625	0.08461033145160186
4.0234375	0.08442528085661045
4.03125	0.0842408786622974
4.0390625	0.08405712180054728
4.046875	0.0838740072032447
4.0546875	0.08369153180227427
4.0625	0.08350969252952058
4.0703125	0.08332848631686825
4.078125	0.08314791009620183
4.0859375	0.08296796079940597
4.09375	0.08278863535836521
4.1015625	0.08260992811821019
4.109375	0.08243183523105377
4.1171875	0.08225435381126524
4.125	0.08207748101809861
4.1328125	0.08190121510537697
4.140625	0.08172555571875081
4.1484375	0.08155050014582269
4.15625	0.0813760456741951
4.1640625	0.08120218959147067
4.171875	0.08102892918525188
4.1796875	0.0808562617431413
4.1875	0.08068418455274146
4.1953125	0.08051269490165493
4.203125	0.08034179007748422
4.2109375	0.0801714673678319
4.21875	0.08000172406030051
4.2265625	0.07983255230303098
4.234375	0.07966394743844378
4.2421875	0.07949590656900224
4.25	0.07932842685794912
4.2578125	0.07916150711396612
4.265625	0.07899514969613573
4.2734375	0.07882935223797055
4.28125	0.07866411237298315
4.2890625	0.07849942773468607
4.296875	0.0783352959565919
4.3046875	0.07817171467221323
4.3125	0.07800868151506259
4.3203125	0.07784619411865261
4.328125	0.07768425011649578
4.3359375	0.07752284714210475
4.34375	0.07736198282899205
4.3515625	0.07720165481067026
4.359375	0.07704186072065194
4.3671875	0.07688259819244968
4.375	0.07672386485957602
4.3828125	0.07656565835554358
4.390625	0.0764079763138649
4.3984375	0.07625081636805255
4.40625	0.0760941761516191
4.4140625	0.07593805329807711
4.421875	0.07578244544093919
4.4296875	0.07562735021371786
4.4375	0.07547276524992576
4.4453125	0.07531868818307538
4.453125	0.07516511664667937
4.4609375	0.07501204827425023
4.46875	0.07485948069930057
4.4765625	0.07470740165721979
4.484375	0.07455580564574038
4.4921875	0.07440469051448122
4.5	0.07425405423412468
4.5078125	0.07410389802452967
4.515625	0.0739542294468447
4.5234375	0.07380504647740381
4.53125	0.07365634709254099
4.5390625	0.07350812926859034
4.546875	0.07336039098188582
4.5546875	0.07321313020876155
4.5625	0.07306634492555147
4.5703125	0.07292003310858967
4.578125	0.07277419273421017
4.5859375	0.072628821778747
4.59375	0.0724839182185342
4.6015625	0.0723394800299058
4.609375	0.0721955051891958
4.6171875	0.0720519916727383
4.625	0.0719089374568673
4.6328125	0.07176634051791682
4.640625	0.07162419883222089
4.6484375	0.07148251037611357
4.65625	0.07134127312592889
4.6640625	0.07120048505800086
4.671875	0.07106014414866352
4.6796875	0.07092024837425091
4.6875	0.07078079571109708
4.6953125	0.07064178413553603
4.703125	0.07050321162390182
4.7109375	0.07036507615252845
4.71875	0.07022737569774999
4.7265625	0.07009009871764747
4.734375	0.06995324017208171
4.7421875	0.06981679836265137
4.75	0.06968077162239569
4.7578125	0.06954516137082838
4.765625	0.06940997498292417
4.7734375	0.06927521076227418
4.78125	0.06914086701246944
4.7890625	0.06900694203710105
4.796875	0.06887343413976002
4.8046875	0.06874034162403746
4.8125	0.06860766279352441
4.8203125	0.06847539595181192
4.828125	0.06834353940249108
4.8359375	0.06821209144915293
4.84375	0.06808105039538853
4.8515625	0.06795041454478899
4.859375	0.06782018220094532
4.8671875	0.06769035166744859
4.875	0.06756092124788989
4.8828125	0.06743188924586027
4.890625	0.0673032539649508
4.8984375	0.0671750137087525
4.90625	0.06704716678085648
4.9140625	0.06691971148485377
4.921875	0.06679264612433548
4.9296875	0.06666596900289262
4.9375	0.06653967842411629
4.9453125	0.0664137726915975
4.953125	0.0662882501089274
4.9609375	0.06616310897969696
4.96875	0.0660383476074973
4.9765625	0.06591395705944918
4.984375	0.06578993333741587
4.9921875	0.06566627484852795
5.	0.0655429801000893
5.0078125	0.06542004998425782
5.015625	0.06529749020590224
5.0234375	0.0651752993211317
5.03125	0.06505347588605526
5.0390625	0.06493201845678205
5.046875	0.06481092558942118
5.0546875	0.06469019584008172
5.0625	0.0645698277648728
5.0703125	0.06444981991990353
5.078125	0.06433017086128301
5.0859375	0.0642108791451203
5.09375	0.06409194332752459
5.1015625	0.06397336196460492
5.109375	0.06385513361247036
5.1171875	0.06373725682723011
5.125	0.06361973016499321
5.1328125	0.06350255218186879
5.140625	0.06338572143396591
5.1484375	0.06326923647739373
5.15625	0.06315309586826132
5.1640625	0.06303729816267778
5.171875	0.06292184191675224
5.1796875	0.06280672568659379
5.1875	0.06269194802831152
5.1953125	0.06257750749801455
5.203125	0.062463402651811974
5.2109375	0.06234963204581291
5.21875	0.062236194236126446
5.2265625	0.06212308100016976
5.234375	0.06201028877437615
5.2421875	0.06189781632642639
5.25	0.061785662424846705
5.2578125	0.061673828132109615
5.265625	0.06156231867616466
5.2734375	0.06145113284603359
5.28125	0.06134026943073818
5.2890625	0.0612297272193002
5.296875	0.061119505000741405
5.3046875	0.06100960156408356
5.3125	0.060900015698348436
5.3203125	0.06079074619255779
5.328125	0.0606817918357334
5.3359375	0.06057315141689702
5.34375	0.060464823725070414
5.3515625	0.06035680754927535
5.359375	0.060249101678533604
5.3671875	0.06014170490186691
5.375	0.06003461600829707
5.3828125	0.05992783378684582
5.390625	0.05982135702653494
5.3984375	0.05971518451638618
5.40625	0.05960931504542133
5.4140625	0.05950374740266213
5.421875	0.05939848037713036
5.4296875	0.05929351275784779
5.4375	0.05918884333383615
5.4453125	0.059084470894117246
5.453125	0.058980394227712826
5.4609375	0.05887661212364465
5.46875	0.058773123370934495
5.4765625	0.05866992195379925
5.484375	0.05856700506100776
5.4921875	0.05846437160847297
5.5	0.0583620205742357
5.5078125	0.058259952389228015
5.515625	0.058158170795298364
5.5234375	0.05805667474963278
5.53125	0.05795546320941732
5.5390625	0.05785453513183799
5.546875	0.057753889474080854
5.5546875	0.05765352519333194
5.5625	0.057553441246777276
5.5703125	0.057453636591602936
5.578125	0.05735411018499491
5.5859375	0.05725486098413927
5.59375	0.05715588794622205
5.6015625	0.05705719002842929
5.609375	0.056958766187947006
5.6171875	0.05686061538196125
5.625	0.05676273656765808
5.6328125	0.05666512870222351
5.640625	0.0565677907428436
5.6484375	0.056470721646704365
5.65625	0.05637392037099184
5.6640625	0.05627738587289209
5.671875	0.056181117109591144
5.6796875	0.05608511303827504
5.6875	0.055989372616129796
5.6953125	0.05589389480034147
5.703125	0.05579867854809611
5.7109375	0.055703722816579745
5.71875	0.055609026562978406
5.7265625	0.05551458442070264
5.734375	0.0554203940104067
5.7421875	0.05532645434439869
5.75	0.05523276450623958
5.7578125	0.05513932512952853
5.765625	0.05504613942439326
5.7734375	0.05495320649728072
5.78125	0.05486052545463792
5.7890625	0.05476809540291179
5.796875	0.054675915448549293
5.8046875	0.054583984697997405
5.8125	0.05449230225770308
5.8203125	0.054400867234113304
5.828125	0.054309678733675024
5.8359375	0.054218735862835196
5.84375	0.05412803772804081
5.8515625	0.054037583435738806
5.859375	0.05394737209237619
5.8671875	0.05385740280439987
5.875	0.05376767467825685
5.8828125	0.053678186820394075
5.890625	0.053588938337258515
5.8984375	0.05349992833529714
5.90625	0.0534111559209569
5.9140625	0.05332262020068478
5.921875	0.05323432028092775
5.9296875	0.053146255268132735
5.9375	0.05305842426874673
5.9453125	0.052970826389216706
5.953125	0.0528834607359896
5.9609375	0.0527963264155124
5.96875	0.05270942253423207
5.9765625	0.05262274464291641
5.984375	0.05253629070288367
5.9921875	0.05245006344582506
6.	0.0523640585576733
6.0078125	0.05227827631753317
6.015625	0.052192719465247964
6.0234375	0.05210738721029378
6.03125	0.05202227876214677
6.0390625	0.051937393330283015
6.046875	0.05185273012417865
6.0546875	0.05176828835330981
6.0625	0.0516840672271526
6.0703125	0.05160006595518315
6.078125	0.05151628374687756
6.0859375	0.05143271981171197
6.09375	0.05134937335916248
6.1015625	0.05126624359870524
6.109375	0.05118332973981636
6.1171875	0.051100630991971936
6.125	0.05101814656464811
6.1328125	0.050935875667321
6.140625	0.05085381750946673
6.1484375	0.05077197130056141
6.15625	0.05069033625008115
6.1640625	0.0506089115675021
6.171875	0.05052769646230035
6.1796875	0.05044669014395204
6.1875	0.05036589182193328
6.1953125	0.050285300705720196
6.203125	0.05020491600478891
6.2109375	0.05012473692861552
6.21875	0.05004476268667618
6.2265625	0.04996498952698296
6.234375	0.049885415703811345
6.2421875	0.049806026489861016
6.25	0.049726835228715516
6.2578125	0.049647842365643326
6.265625	0.049569050150614066
6.2734375	0.049490457978317186
6.28125	0.04941206524344217
6.2890625	0.04933387134067849
6.296875	0.04925587566471564
6.3046875	0.04917807761024306
6.3125	0.04910047657195024
6.3203125	0.049023071944526674
6.328125	0.04894586312266181
6.3359375	0.04886884950104512
6.34375	0.04879203047436611
6.3515625	0.048715405437314216
6.359375	0.04863897378457895
6.3671875	0.04856273491084976
6.375	0.048486688210816135
6.3828125	0.048410833079167534
6.390625	0.04833516891059345
6.3984375	0.04825969509978336
6.40625	0.04818441104142672
6.4140625	0.04810931613021301
6.421875	0.0480344097608317
6.4296875	0.04795969132797229
6.4375	0.04788516022632424
6.4453125	0.04781081585057701
6.453125	0.04773665759542009
6.4609375	0.04766268485554295
6.46875	0.047588897025635075
6.4765625	0.04751529099590637
6.484375	0.0474418653824635
6.4921875	0.04736864060773985
6.5	0.04729559510525568
6.5078125	0.04722272896740787
6.515625	0.04715004399886025
6.5234375	0.04707753955760758
6.53125	0.04700521500164464
6.5390625	0.04693306968896619
6.546875	0.046861102977567015
6.5546875	0.046789314225441865
6.5625	0.046717702790585534
6.5703125	0.04664626803099275
6.578125	0.04657500930465833
6.5859375	0.046503925969577004
6.59375	0.04643301738374356
6.6015625	0.046362282905152756
6.609375	0.04629172189179937
6.6171875	0.04622133370167817
6.625	0.04615111769278393
6.6328125	0.046081073223111405
6.640625	0.046011199650655366
6.6484375	0.04594149633341059
6.65625	0.04587196262937184
6.6640625	0.04580259789653388
6.671875	0.045733401492891505
6.6796875	0.04566437277643945
6.6875	0.04559551110517251
6.6953125	0.04552681583708542
6.703125	0.04545828633017299
6.7109375	0.04538992194242996
6.71875	0.045321722031851114
6.7265625	0.04525368387480072
6.734375	0.04518580612412204
6.7421875	0.04511807420785994
6.75	0.04505050156314158
6.7578125	0.04498308844674445
6.765625	0.04491583642190219
6.7734375	0.04484874500197183
6.78125	0.04478181370031047
6.7890625	0.04471504203027518
6.796875	0.04464842950522303
6.8046875	0.0445819756385111
6.8125	0.04451567994349643
6.8203125	0.044449541933536126
6.828125	0.044383561121987235
6.8359375	0.04431773702220684
6.84375	0.04425206914755202
6.8515625	0.04418655701137983
6.859375	0.04412120012704735
6.8671875	0.04405599800791165
6.875	0.04399095016732979
6.8828125	0.043926056118658866
6.890625	0.04386131537525593
6.8984375	0.04379672745047806
6.90625	0.04373229185768233
6.9140625	0.0436680081102258
6.921875	0.04360387572146556
6.9296875	0.043539894204758664
6.9375	0.0434760630734622
6.9453125	0.04341238184093321
6.953125	0.04334885002052881
6.9609375	0.04328546712560602
6.96875	0.04322223266952195
6.9765625	0.043159144339253025
6.984375	0.04309620108838088
6.9921875	0.0430334059575297
7.	0.042970755011646725
7.0078125	0.04290824836151831
7.015625	0.042845887358874034
7.0234375	0.042783671559715415
7.03125	0.042721600520044034
7.0390625	0.042659673795861434
7.046875	0.042597890943169174
7.0546875	0.04253625151796878
7.0625	0.04247475507626183
7.0703125	0.042413401174049875
7.078125	0.04235218936733445
7.0859375	0.04229111921211711
7.09375	0.04223019026439941
7.1015625	0.042169402080182904
7.109375	0.042108754215469134
7.1171875	0.04204824622625966
7.125	0.04198787766855603
7.1328125	0.04192764809835979
7.140625	0.04186755707167251
7.1484375	0.04180760414449572
7.15625	0.04174778887283099
7.1640625	0.04168811081267984
7.171875	0.04162856952004385
7.1796875	0.04156916455092457
7.1875	0.04150989546132353
7.1953125	0.04145076180724231
7.203125	0.04139176314468244
7.2109375	0.04133289902964549
7.21875	0.04127416901813299
7.2265625	0.04121557113807847
7.234375	0.04115710444733181
7.2421875	0.041098768538031086
7.25	0.04104056299516063
7.2578125	0.0409824879718666
7.265625	0.040924544548519626
7.2734375	0.04086673233434736
7.28125	0.04080905093857746
7.2890625	0.04075149997043757
7.296875	0.04069407903915537
7.3046875	0.040636787753958487
7.3125	0.0405796257240746
7.3203125	0.040522592558731356
7.328125	0.040465687867156395
7.3359375	0.040408911258577394
7.34375	0.040352262342222
7.3515625	0.04029574072731787
7.359375	0.040239346023092634
7.3671875	0.04018307783877399
7.375	0.040126935783589564
7.3828125	0.04007091946676702
7.390625	0.04001502849753401
7.3984375	0.03995926248511819
7.40625	0.039903621038747214
7.4140625	0.039848103767648746
7.421875	0.03979271028105044
7.4296875	0.03973744018817993
7.4375	0.0396822930982649
7.4453125	0.03962726862053298
7.453125	0.03957236636421184
7.4609375	0.03951758593852913
7.46875	0.03946292695271251
7.4765625	0.03940838770866013
7.484375	0.03935396739437105
7.4921875	0.03929966566263013
7.5	0.039245482187861676
7.5078125	0.03919141703241988
7.515625	0.03913747110833717
7.5234375	0.03908364406989981
7.53125	0.039029935571394066
7.5390625	0.038976345267106235
7.546875	0.0389228728113226
7.5546875	0.038869517858329435
7.5625	0.038816280062413014
7.5703125	0.03876315907785963
7.578125	0.038710154558955566
7.5859375	0.038657266159987096
7.59375	0.0386044935352405
7.6015625	0.038551836339002055
7.609375	0.03849929422555806
7.6171875	0.03844686684919477
7.625	0.03839455386419851
7.6328125	0.03834235492485551
7.640625	0.038290269685452065
7.6484375	0.03823829780027446
7.65625	0.038186438923609
7.6640625	0.03813469270974194
7.671875	0.03808305881295956
7.6796875	0.038031536887548144
7.6875	0.037980126587793976
7.6953125	0.037928827567983346
7.703125	0.03787763948240252
7.7109375	0.03782656198533777
7.71875	0.03777559473107541
7.7265625	0.03772473624277641
7.734375	0.03767398581180322
7.7421875	0.03762334307802809
7.75	0.037572807712570024
7.7578125	0.037522379750365355
7.765625	0.037472060076975705
7.7734375	0.03742184838709246
7.78125	0.03737174437540694
7.7890625	0.03732174773661049
7.796875	0.037271858165394474
7.8046875	0.037222075356450245
7.8125	0.03717239900446912
7.8203125	0.03712282880414248
7.828125	0.037073364450161655
7.8359375	0.037024005637217985
7.84375	0.03697475206000284
7.8515625	0.03692560341320757
7.859375	0.036876559391523483
7.8671875	0.036827619689641974
7.875	0.036778784002254344
7.8828125	0.03673005202405199
7.890625	0.036681423449726226
7.8984375	0.03663289797396841
7.90625	0.03658447529146989
7.9140625	0.03653615509692201
7.921875	0.036487937085016124
7.9296875	0.03643982095044357
7.9375	0.036391806387895714
7.9453125	0.03634389309206388
7.953125	0.03629608075763943
7.9609375	0.0362483690793137
7.96875	0.03620075775177806
7.9765625	0.03615324526585981
7.984375	0.03610583092834499
7.9921875	0.036058514492362526
8.	0.0360112956802361
8.015625	0.035917152285685414
8.03125	0.0358234024102811
8.046875	0.035730043941268205
8.0625	0.03563707476589171
8.078125	0.03554449277139667
8.09375	0.035452295845028105
8.109375	0.03536048187403103
8.125	0.03526904874565046
8.140625	0.03517799434713145
8.15625	0.03508731656571901
8.171875	0.034997013288658146
8.1875	0.03490708240319389
8.203125	0.03481752179657127
8.21875	0.034728329356035315
8.234375	0.034639495046633176
8.25	0.034551011532841555
8.265625	0.03446288090213305
8.28125	0.034375108898985006
8.296875	0.03428769373699372
8.3125	0.03420063362975543
8.328125	0.034113926790866465
8.34375	0.034027571433923084
8.359375	0.033941565772521574
8.375	0.03385590802025822
8.390625	0.03377059639072931
8.40625	0.03368562909753112
8.421875	0.03360100435425993
8.4375	0.03351672037451203
8.453125	0.0334327753718837
8.46875	0.03334916755997123
8.484375	0.0332658951523709
8.5	0.03318295636267897
8.515625	0.03310034940449177
8.53125	0.03301807249140553
8.546875	0.03293612383701658
8.5625	0.03285450165492117
8.578125	0.032773204158715596
8.59375	0.03269222956199615
8.609375	0.0326115760783591
8.625	0.03253124192140072
8.640625	0.03245122530471733
8.65625	0.03237152444190517
8.671875	0.03229213754656056
8.6875	0.03221306283227976
8.703125	0.03213429851265906
8.71875	0.03205584280129474
8.734375	0.03197767905701471
8.75	0.03189979686505834
8.765625	0.03182220360073512
8.78125	0.03174491242248583
8.796875	0.03166792185497503
8.8125	0.03159123042286729
8.828125	0.031514836650827174
8.84375	0.03143873906351926
8.859375	0.03136293618560812
8.875	0.03128742654175834
8.890625	0.031212208656634457
8.90625	0.031137281054901062
8.921875	0.031062642261222725
8.9375	0.030988290800264013
8.953125	0.0309142251966895
8.96875	0.030840443975163754
8.984375	0.030766945660351337
9.	0.030693728776916847
9.015625	0.030620791849524827
9.03125	0.03054813340283985
9.046875	0.03047575196152649
9.0625	0.03040364605024933
9.078125	0.030331814193672937
9.09375	0.03026025491646187
9.109375	0.030188966743280705
9.125	0.03011794819879401
9.140625	0.030047197807666366
9.15625	0.02997671409456233
9.171875	0.02990649558414648
9.1875	0.029836540801083396
9.203125	0.029766848270037623
9.21875	0.029697416515673758
9.234375	0.029628230952945103
9.25	0.029559282448203716
9.265625	0.029490577634003257
9.28125	0.029422128245974295
9.296875	0.02935393308368796
9.3125	0.029285990946715374
9.328125	0.02921830063462765
9.34375	0.029150860946995913
9.359375	0.02908367068339128
9.375	0.029016728643384886
9.390625	0.028950033626547838
9.40625	0.028883584432451252
9.421875	0.028817379860666275
9.4375	0.028751418710764
9.453125	0.028685699782315555
9.46875	0.028620221874892073
9.484375	0.028554983788064665
9.5	0.028489984321404458
9.515625	0.02842522227448256
9.53125	0.028360696446870108
9.546875	0.028296405638138216
9.5625	0.028232348647858008
9.578125	0.028168524275600595
9.59375	0.02810493132093711
9.609375	0.02804156858343866
9.625	0.027978434862676378
9.640625	0.02791552895822139
9.65625	0.027852849669644804
9.671875	0.027790395796517747
9.6875	0.027728166138411333
9.703125	0.027666159494896696
9.71875	0.02760437466554495
9.734375	0.02754279973030168
9.75	0.027481427221676583
9.765625	0.02742026256245992
9.78125	0.027359315366223158
9.796875	0.027298584657421052
9.8125	0.02723806946050837
9.828125	0.027177768799939845
9.84375	0.027117681700170246
9.859375	0.02705780718565433
9.875	0.026998144280846837
9.890625	0.02693869201020254
9.90625	0.026879449398176183
9.921875	0.026820415469222522
9.9375	0.02676158924779631
9.953125	0.026702969758352315
9.96875	0.026644556025345274
9.984375	0.02658634707322995
10.	0.0265283419264611
10.015625	0.02647053960949347
10.03125	0.026412939146781826
10.046875	0.026355539562780916
10.0625	0.026298339881945496
10.078125	0.026241339128730327
10.09375	0.026184536327590154
10.109375	0.026127930502979735
10.125	0.02607152067935383
10.140625	0.02601530588116719
10.15625	0.025959285132874568
10.171875	0.02590345745893072
10.1875	0.025847821883790402
10.203125	0.02579237743190836
10.21875	0.02573712312773937
10.234375	0.02568205003409924
10.25	0.025627152540036655
10.265625	0.025572434580877147
10.28125	0.025517903201577114
10.296875	0.02546355759343847
10.3125	0.025409396947763094
10.328125	0.025355420455852894
10.34375	0.025301627309009762
10.359375	0.025248016698535596
10.375	0.025194587815732285
10.390625	0.025141339851901742
10.40625	0.025088271998345853
10.421875	0.025035383446366508
10.4375	0.02498267338726562
10.453125	0.02493014101234507
10.46875	0.024877785512906758
10.484375	0.024825606080252586
10.5	0.024773601905684447
10.515625	0.02472177218050424
10.53125	0.02467011609601386
10.546875	0.024618632843515204
10.5625	0.02456732161431016
10.578125	0.02451618159970064
10.59375	0.02446521199098853
10.609375	0.024414411979475727
10.625	0.02436378075646414
10.640625	0.024313317513255647
10.65625	0.02426302144115215
10.671875	0.024212891731455553
10.6875	0.024162927575467744
10.703125	0.024113128164490627
10.71875	0.02406349268982609
10.734375	0.024014013780025455
10.75	0.02396468675747239
10.765625	0.023915514878366243
10.78125	0.023866503977111382
10.796875	0.023817653383006235
10.8125	0.023768962425349222
10.828125	0.023720430433438786
10.84375	0.023672056736573337
10.859375	0.023623840664051307
10.875	0.02357578154517112
10.890625	0.023527878709231207
10.90625	0.023480131485529986
10.921875	0.023432539203365892
10.9375	0.02338510119203735
10.953125	0.023337816780842777
10.96875	0.023290685299080613
10.984375	0.023243706076049277
11.	0.023196878441047196
11.015625	0.023150201723372798
11.03125	0.0231036752523245
11.046875	0.02305729835720074
11.0625	0.023011070367299942
11.078125	0.022964990611920526
11.09375	0.022919058420360922
11.109375	0.022873273121919564
11.125	0.022827634045894864
11.140625	0.022782140521585257
11.15625	0.022736791878289166
11.171875	0.022691587445305018
11.1875	0.02264652655193124
11.203125	0.02260160852746626
11.21875	0.022556832701208507
11.234375	0.022512193208323816
11.25	0.022467686355591848
11.265625	0.02242331467076655
11.28125	0.022379082719459084
11.296875	0.02233498993983082
11.3125	0.022291035770043165
11.328125	0.022247219648257502
11.34375	0.02220354101263522
11.359375	0.02215999930133771
11.375	0.022116593952526367
11.390625	0.02207332440436257
11.40625	0.022030190095007715
11.421875	0.021987190462623186
11.4375	0.021944324945370377
11.453125	0.021901592981410676
11.46875	0.021858994008905477
11.484375	0.02181652746601616
11.5	0.021774192790904125
11.515625	0.02173198942173075
11.53125	0.02168991679665743
11.546875	0.021647974353845564
11.5625	0.02160616153145652
11.578125	0.021564477767651708
11.59375	0.021522922500592512
11.609375	0.02148149516844031
11.625	0.02144019520935651
11.640625	0.021399022061502484
11.65625	0.021357975163039635
11.671875	0.021317053952129343
11.6875	0.021276257866933
11.703125	0.021235586345611998
11.71875	0.021195038826327724
11.734375	0.021154610547718188
11.75	0.021114298479519737
11.765625	0.021074104656171804
11.78125	0.021034032764231
11.796875	0.020994082330105704
11.8125	0.020954252880204288
11.828125	0.020914543940935122
11.84375	0.02087495503870658
11.859375	0.02083548569992704
11.875	0.020796135451004862
11.890625	0.020756903818348427
11.90625	0.02071779032836611
11.921875	0.020678794507466267
11.9375	0.02063991588205729
11.953125	0.020601153978547546
11.96875	0.0205625083233454
11.984375	0.020523978442859234
12.	0.020485563863497418
12.015625	0.020447264111668317
12.03125	0.020409078713780313
12.046875	0.020371007196241773
12.0625	0.020333049085461068
12.078125	0.020295203907846577
12.09375	0.020257471189806666
12.109375	0.020219850457749718
12.125	0.020182341238084094
12.140625	0.020144943057218166
12.15625	0.020107655441560315
12.171875	0.020070477917518908
12.1875	0.020033410011502318
12.203125	0.019996451249918917
12.21875	0.019959601159177078
12.234375	0.019922855828709653
12.25	0.019886212776112414
12.265625	0.01984967365109222
12.28125	0.01981324144699056
12.296875	0.019776915762313992
12.3125	0.019740696195569077
12.328125	0.01970458234526237
12.34375	0.019668573809900433
12.359375	0.019632670187989833
12.375	0.019596871078037124
12.390625	0.01956117607854886
12.40625	0.01952558478803162
12.421875	0.01949009680499195
12.4375	0.019454711727936405
12.453125	0.01941942915537156
12.46875	0.019384248685803965
12.484375	0.01934916991774019
12.5	0.01931419244968678
12.515625	0.01927931588015031
12.53125	0.01924453980763733
12.546875	0.019209863830654407
12.5625	0.019175287547708097
12.578125	0.019140810557304964
12.59375	0.01910643245795156
12.609375	0.019072152848154462
12.625	0.01903797132642021
12.640625	0.01900388749125538
12.65625	0.01896990094116652
12.671875	0.0189360112746602
12.6875	0.01890221809024297
12.703125	0.018868520986421406
12.71875	0.018834919561702055
12.734375	0.01880141059143894
12.75	0.01876799201335061
12.765625	0.018734665163601113
12.78125	0.01870143250585377
12.796875	0.01866829369800104
12.8125	0.01863524839793539
12.828125	0.01860229626354927
12.84375	0.01856943695273513
12.859375	0.018536670123385432
12.875	0.018503995433392637
12.890625	0.018471412540649195
12.90625	0.018438921103047557
12.921875	0.018406520778480196
12.9375	0.018374211224839555
12.953125	0.018341992100018092
12.96875	0.01830986306190827
12.984375	0.018277823768402535
13.	0.018245873877393355
13.015625	0.018214013046773177
13.03125	0.018182240934434456
13.046875	0.01815055719826966
13.0625	0.018118961496171235
13.078125	0.018087453486031645
13.09375	0.018056032825743334
13.109375	0.018024699173198776
13.125	0.017993452186290407
13.140625	0.017962291522910703
13.15625	0.017931216840952113
13.171875	0.017900227798307085
13.1875	0.01786932405286808
13.203125	0.017838505262527567
13.21875	0.017807771085177986
13.234375	0.017777118878163252
13.25	0.017746546951879095
13.265625	0.017716056387861407
13.28125	0.017685649165124946
13.296875	0.01765532498984117
13.3125	0.01762508356818155
13.328125	0.017594924606317536
13.34375	0.017564847810420586
13.359375	0.017534852886662167
13.375	0.01750493954121374
13.390625	0.01747510748024676
13.40625	0.017445356409932687
13.421875	0.017415686036442987
13.4375	0.01738609606594911
13.453125	0.017356586204622524
13.46875	0.01732715615863469
13.484375	0.01729780563415706
13.5	0.0172685343373611
13.515625	0.017239341974418274
13.53125	0.017210228251500027
13.546875	0.017181192874777835
13.5625	0.017152235550423157
13.578125	0.01712335598460744
13.59375	0.01709455388350216
13.609375	0.01706582895327876
13.625	0.017037180900108716
13.640625	0.017008609430163482
13.65625	0.016980114249614514
13.671875	0.016951695064633274
13.6875	0.016923351581391227
13.703125	0.016895083506059824
13.71875	0.016866890544810536
13.734375	0.016838770450791844
13.75	0.01681072177860025
13.765625	0.016782745439675267
13.78125	0.0167548431217819
13.796875	0.01672701457218671
13.8125	0.016699259538156278
13.828125	0.01667157776695717
13.84375	0.016643969005855956
13.859375	0.016616433002119214
13.875	0.016588969503013504
13.890625	0.01656157825580541
13.90625	0.01653425900776149
13.921875	0.01650701150614832
13.9375	0.01647983549823247
13.953125	0.01645273073128052
13.96875	0.016425696952559035
13.984375	0.016398733909334582
14.	0.016371841348873734
14.015625	0.016345019018443062
14.03125	0.016318266665309143
14.046875	0.01629158403673854
14.0625	0.01626497087999782
14.078125	0.01623842694235357
14.09375	0.016211951971072346
14.109375	0.016185545713420728
14.125	0.01615920791666529
14.140625	0.016132938328072586
14.15625	0.016106736694909203
14.171875	0.016080602764441707
14.1875	0.016054536283936667
14.203125	0.016028537000660658
14.21875	0.01600260466188024
14.234375	0.015976737401398433
14.25	0.01595093402762882
14.265625	0.015925195280887774
14.28125	0.015899522535464904
14.296875	0.01587391557244553
14.3125	0.015848374172914976
14.328125	0.015822898117958565
14.34375	0.01579748718866162
14.359375	0.015772141166109463
14.375	0.01574685983138742
14.390625	0.015721642965580804
14.40625	0.015696490349774952
14.421875	0.015671401765055187
14.4375	0.01564637699250682
14.453125	0.015621415813215177
14.46875	0.015596518008265586
14.484375	0.015571683358743368
14.5	0.015546911645733845
14.515625	0.015522202650322345
14.53125	0.015497556153594185
14.546875	0.015472971936634689
14.5625	0.01544844978052918
14.578125	0.015423989466362984
14.59375	0.015399590775221421
14.609375	0.015375253488189812
14.625	0.015350977386353486
14.640625	0.015326762250797762
14.65625	0.015302607862607969
14.671875	0.01527851400286942
14.6875	0.015254480452667446
14.703125	0.015230506993087364
14.71875	0.0152065934052145
14.734375	0.015182738109170396
14.75	0.015158940074014955
14.765625	0.01513519992581376
14.78125	0.015111518831124934
14.796875	0.015087896599753375
14.8125	0.015064333041503992
14.828125	0.015040827966181688
14.84375	0.015017381183591364
14.859375	0.014993992503537926
14.875	0.014970661735826278
14.890625	0.014947388690261326
14.90625	0.014924173176647968
14.921875	0.014901015004791114
14.9375	0.014877913984495665
14.953125	0.014854869925566526
14.96875	0.014831882637808599
14.984375	0.01480895193102679
15.	0.014786077615025999
15.015625	0.014763259499611135
15.03125	0.014740497394587097
15.046875	0.014717791109758797
15.0625	0.014695140454931125
15.078125	0.014672545239909
15.09375	0.014650005274497316
15.109375	0.014627520368500978
15.125	0.014605090331724893
15.140625	0.01458271497397397
15.15625	0.014560394105053097
15.171875	0.01453812753476719
15.1875	0.014515915072921153
15.203125	0.014493756529319883
15.21875	0.014471651713768293
15.234375	0.014449599292808674
15.25	0.014427598419872987
15.265625	0.014405649596232778
15.28125	0.014383753787787433
15.296875	0.014361910828272102
15.3125	0.014340120551421927
15.328125	0.014318382790972053
15.34375	0.01429669738065763
15.359375	0.014275064154213804
15.375	0.014253482945375713
15.390625	0.014231953587878512
15.40625	0.01421047591545734
15.421875	0.014189049761847348
15.4375	0.014167674960783682
15.453125	0.014146351346001482
15.46875	0.014125078751235892
15.484375	0.01410385701022207
15.5	0.014082685956695151
15.515625	0.01406156542439029
15.53125	0.014040495247042626
15.546875	0.014019475258387303
15.5625	0.01399850529215947
15.578125	0.013977585182094274
15.59375	0.013956714761926857
15.609375	0.013935893865392374
15.625	0.013915122326225958
15.640625	0.013894399978162763
15.65625	0.013873726654937933
15.671875	0.013853102190286612
15.6875	0.013832526417943952
15.703125	0.01381199917164509
15.71875	0.013791520285125178
15.734375	0.013771088397233544
15.75	0.013750702626147115
15.765625	0.013730363562670303
15.78125	0.013710072244321638
15.796875	0.013689828529992922
15.8125	0.013669632278575965
15.828125	0.013649483348962566
15.84375	0.013629381600044538
15.859375	0.01360932689071368
15.875	0.0135893190798618
15.890625	0.013569358026380703
15.90625	0.0135494435891622
15.921875	0.013529575627098089
15.9375	0.013509753999080176
15.953125	0.01348997856400027
15.96875	0.013470249180750175
15.984375	0.013450565708221698
16.	0.01343092800530664
16.03125	0.013391789343884016
16.0625	0.01335283206761675
16.09375	0.013314055047639281
16.125	0.013275457155086053
16.15625	0.013237037261091517
16.1875	0.013198794236790108
16.21875	0.013160726953316278
16.25	0.01312282592938676
16.28125	0.013085089473413072
16.3125	0.013047524636802256
16.34375	0.013010130482395375
16.375	0.012972906073033483
16.40625	0.012935850471557646
16.4375	0.012898962740808914
16.46875	0.01286224194362835
16.5	0.012825687142857013
16.53125	0.012789297401335963
16.5625	0.012753071781906256
16.59375	0.01271700934740895
16.625	0.012681109160685109
16.65625	0.012645370284575786
16.6875	0.012609791781922043
16.71875	0.012574372715564937
16.75	0.012539112148345528
16.78125	0.012504009143104879
16.8125	0.012469062762684039
16.84375	0.012434272069924075
16.875	0.012399636127666043
16.90625	0.012365153998751
16.9375	0.012330824746020007
16.96875	0.012296647432314123
17.	0.012262621120474404
17.03125	0.012228744873341914
17.0625	0.012195017753757708
17.09375	0.012161438824562843
17.125	0.012128007148598383
17.15625	0.012094721788705382
17.1875	0.012061581807724903
17.21875	0.012028586268498
17.25	0.011995719004716325
17.28125	0.011962979255600057
17.3125	0.011930381404096897
17.34375	0.011897924691101885
17.375	0.011865608357510058
17.40625	0.011833431644216456
17.4375	0.011801393792116116
17.46875	0.011769494042104076
17.5	0.011737731635075375
17.53125	0.011706105811925051
17.5625	0.011674615813548143
17.59375	0.011643260880839688
17.625	0.011612040254694724
17.65625	0.011580953176008293
17.6875	0.011549998885675431
17.71875	0.011519176624591173
17.75	0.011488485633650562
17.78125	0.011457925153748633
17.8125	0.011427494425780428
17.84375	0.011397192690640979
17.875	0.011367019189225329
17.90625	0.011336973162428519
17.9375	0.011307053851145582
17.96875	0.01127726049627156
18.	0.011247592338701486
18.03125	0.011218048619330402
18.0625	0.011188628579053348
18.09375	0.011159331458765359
18.125	0.011130156499361476
18.15625	0.011101102941736734
18.1875	0.011072170026786173
18.21875	0.011043356995404832
18.25	0.011014649710839396
18.28125	0.010986047540544854
18.3125	0.010957563211505754
18.34375	0.010929196121190449
18.375	0.010900945667067286
18.40625	0.01087281124660461
18.4375	0.010844792257270775
18.46875	0.010816888096534132
18.5	0.010789098161863022
18.53125	0.0107614218507258
18.5625	0.01073385856059082
18.59375	0.010706407688926419
18.625	0.010679068633200953
18.65625	0.010651840790882775
18.6875	0.010624723559440226
18.71875	0.010597716336341661
18.75	0.010570818519055425
18.78125	0.010544029505049868
18.8125	0.010517348691793339
18.84375	0.010490775476754192
18.875	0.01046430925740077
18.90625	0.010437949431201427
18.9375	0.010411695395624507
18.96875	0.010385546548138365
19.	0.010359502286211344
19.03125	0.010333562007311795
19.0625	0.010307725108908069
19.09375	0.010281990988468513
19.125	0.01025635904346148
19.15625	0.010230828671355314
19.1875	0.010205399269618368
19.21875	0.010180070235718989
19.25	0.010154830752213862
19.28125	0.010129680308845245
19.3125	0.01010462860518709
19.34375	0.01007967515828966
19.375	0.010054819485203223
19.40625	0.010030061102978034
19.4375	0.010005399528664369
19.46875	0.009980834279312487
19.5	0.009956364871972651
19.53125	0.009931990823695126
19.5625	0.009907711651530178
19.59375	0.009883526872528069
19.625	0.009859436003739067
19.65625	0.009835438562213434
19.6875	0.009811534065001432
19.71875	0.009787722029153328
19.75	0.009764001971719389
19.78125	0.009740373409749873
19.8125	0.009716835860295049
19.84375	0.009693388840405178
19.875	0.009670031867130528
19.90625	0.009646764457521361
19.9375	0.009623586128627942
19.96875	0.009600496397500538
20.	0.009577494781189407
20.03125	0.009554580796744816
20.0625	0.009531753961217033
20.09375	0.009509013791656319
20.125	0.009486359805112941
20.15625	0.009463791518637155
20.1875	0.009441308449279238
20.21875	0.009418910114089444
20.25	0.009396588211761796
20.28125	0.0093743423378664
20.3125	0.00935217988660592
20.34375	0.009330100466510723
20.375	0.009308103686111182
20.40625	0.009286189153937663
20.4375	0.009264356478520537
20.46875	0.009242605268390165
20.5	0.009220935132076922
20.53125	0.009199345678111176
20.5625	0.009177836515023291
20.59375	0.009156407251343642
20.625	0.009135057495602596
20.65625	0.009113786856330514
20.6875	0.009092594942057771
20.71875	0.009071481361314736
20.75	0.009050445722631775
20.78125	0.009029487634539257
20.8125	0.009008606705567551
20.84375	0.008987802544247024
20.875	0.008967074759108047
20.90625	0.008946422958680986
20.9375	0.00892584675149621
20.96875	0.008905345746084089
21.	0.008884919550974988
21.03125	0.008864567774699279
21.0625	0.008844290025787328
21.09375	0.008824085912769506
21.125	0.008803955044176177
21.15625	0.008783897028537716
21.1875	0.008763911474384484
21.21875	0.008743997990246855
21.25	0.008724150082744029
21.28125	0.008704367412054966
21.3125	0.008684655744198655
21.34375	0.008665014759158467
21.375	0.008645444136917762
21.40625	0.008625943557459907
21.4375	0.008606512700768267
21.46875	0.008587151246826208
21.5	0.008567858875617096
21.53125	0.008548635267124292
21.5625	0.008529480101331165
21.59375	0.008510393058221084
21.625	0.008491373817777405
21.65625	0.008472422059983501
21.6875	0.008453537464822731
21.71875	0.008434719712278467
21.75	0.00841596848233407
21.78125	0.008397283454972907
21.8125	0.008378664310178342
21.84375	0.00836011072793374
21.875	0.008341622388222468
21.90625	0.008323198971027892
21.9375	0.008304840156333374
21.96875	0.00828654562412228
22.	0.008268315054377976
22.03125	0.00825014812708383
22.0625	0.008232044522223201
22.09375	0.008214003919779464
22.125	0.008196025999735972
22.15625	0.008178110442076099
22.1875	0.00816025692678321
22.21875	0.008142465133840664
22.25	0.008124729941941192
22.28125	0.008107051079765289
22.3125	0.008089433064213458
22.34375	0.008071875631444644
22.375	0.008054378517617797
22.40625	0.008036941458891864
22.4375	0.008019564191425792
22.46875	0.008002246451378524
22.5	0.00798498797490901
22.53125	0.007967788498176193
22.5625	0.007950647757339026
22.59375	0.007933565488556452
22.625	0.007916541427987416
22.65625	0.007899575311790866
22.6875	0.007882666876125748
22.71875	0.00786581585715101
22.75	0.0078490219910256
22.78125	0.007832285013908463
22.8125	0.007815604661958544
22.84375	0.007798980671334792
22.875	0.007782412778196152
22.90625	0.007765900718701572
22.9375	0.007749444229009998
22.96875	0.0077330430452803795
23.	0.007716696903671657
23.03125	0.007700405540342784
23.0625	0.007684168691452701
23.09375	0.00766798609316036
23.125	0.007651857481624704
23.15625	0.0076357825930046825
23.1875	0.007619761163459239
23.21875	0.007603792929147322
23.25	0.007587873828533743
23.28125	0.007572003620159441
23.3125	0.007556185882287853
23.34375	0.007540420395605933
23.375	0.007524706940800628
23.40625	0.007509045298558892
23.4375	0.007493435249567669
23.46875	0.007477876574513911
23.5	0.007462369054084571
23.53125	0.007446912468966596
23.5625	0.007431506599846936
23.59375	0.007416151227412541
23.625	0.007400846132350363
23.65625	0.0073855910953473485
23.6875	0.007370385897090452
23.71875	0.00735523031826662
23.75	0.007340124139562803
23.78125	0.007325067141665951
23.8125	0.007310059105263014
23.84375	0.007295099811040942
23.875	0.007280189039686687
23.90625	0.007265326571887196
23.9375	0.007250512188329419
23.96875	0.0072357456697003065
24.	0.007221026796686811
24.03125	0.007206355349975881
24.0625	0.007191731110254462
24.09375	0.007177153858209511
24.125	0.007162623374527973
24.15625	0.007148139439896801
24.1875	0.007133701835002942
24.21875	0.007119310340533349
24.25	0.007104961663397798
24.28125	0.007090655625412646
24.3125	0.007076395093838077
24.34375	0.007062179885266178
24.375	0.00704800981628904
24.40625	0.007033884703498746
24.4375	0.007019804363487387
24.46875	0.007005768612847045
24.5	0.006991777268169809
24.53125	0.006977830146047768
24.5625	0.006963927063073008
24.59375	0.006950067835837613
24.625	0.006936252280933675
24.65625	0.006922480214953278
24.6875	0.006908751454488508
24.71875	0.006895065816131455
24.75	0.006881423116474202
24.78125	0.006867823172108842
24.8125	0.006854265799627456
24.84375	0.006840750815622135
24.875	0.006827278036684963
24.90625	0.0068138472794080284
24.9375	0.00680045836038342
24.96875	0.006787111096203221
25.	0.0067738053034595205
25.03125	0.006760540798744406
25.0625	0.006747317398649964
25.09375	0.006734134919768282
25.125	0.006720993178691444
25.15625	0.00670789199201154
25.1875	0.006694831176320658
25.21875	0.006681810548210882
25.25	0.006668827466064919
25.28125	0.006655881754180842
25.3125	0.006642975722927903
25.34375	0.006630109217760483
25.375	0.006617282084132957
25.40625	0.006604494167499706
25.4375	0.006591745313315104
25.46875	0.006579035367033531
25.5	0.006566364174109363
25.53125	0.00655373157999698
25.5625	0.006541137430150757
25.59375	0.006528581570025074
25.625	0.0065160638450743056
25.65625	0.006503584100752831
25.6875	0.006491142182515029
25.71875	0.006478737935815275
25.75	0.006466371206107949
25.78125	0.006454041838847426
25.8125	0.006441749679488087
25.84375	0.006429494573484306
25.875	0.006417276366290463
25.90625	0.006405094903360932
25.9375	0.006392950030150096
25.96875	0.0063808415921123305
26.	0.00636876943470201
26.03125	0.006356733403373516
26.0625	0.006344733343581225
26.09375	0.006332769100779514
26.125	0.006320840520422761
26.15625	0.006308947447965344
26.1875	0.00629708972886164
26.21875	0.006285267208566026
26.25	0.006273477720655307
26.28125	0.006261721137978313
26.3125	0.006249999325765583
26.34375	0.006238312152969682
26.375	0.0062266594885431875
26.40625	0.00621504120143867
26.4375	0.0062034571606087
26.46875	0.006191907235005852
26.5	0.006180391293582698
26.53125	0.006168909205291808
26.5625	0.006157460839085755
26.59375	0.0061460460639171125
26.625	0.006134664748738453
26.65625	0.006123316762502347
26.6875	0.006112001974161368
26.71875	0.006100720252668086
26.75	0.006089471466975077
26.78125	0.006078255486034908
26.8125	0.006067072178800155
26.84375	0.00605592141422339
26.875	0.006044803061257184
26.90625	0.006033716988854109
26.9375	0.006022663065966738
26.96875	0.0060116411615476414
27.	0.006000651144549396
27.03125	0.005989692883924569
27.0625	0.0059787662486257345
27.09375	0.005967871107605465
27.125	0.005957007329816332
27.15625	0.005946174784210909
27.1875	0.005935373339741766
27.21875	0.0059246028653614745
27.25	0.005913861591982721
27.28125	0.005903149397130828
27.3125	0.0058924678080410344
27.34375	0.00588181671287828
27.375	0.005871195999807503
27.40625	0.005860605556993646
27.4375	0.005850045272601645
27.46875	0.0058395150347964435
27.5	0.005829014731742977
27.53125	0.00581854425160619
27.5625	0.005808103482551017
27.59375	0.005797692312742401
27.625	0.005787310630345281
27.65625	0.0057769583235245964
27.6875	0.005766635280445287
27.71875	0.005756341389272291
27.75	0.0057460765381705525
27.78125	0.005735840615305006
27.8125	0.0057256335088405955
27.84375	0.0057154551069422575
27.875	0.005705305297774933
27.90625	0.005695183969503562
27.9375	0.005685091010293083
27.96875	0.005675026308308437
28.	0.005664989751714563
28.03125	0.0056549812286764
28.0625	0.005645000627358888
28.09375	0.005635047835926968
28.125	0.005625122742545579
28.15625	0.005615225235379659
28.1875	0.005605355202594152
28.21875	0.005595512532353993
28.25	0.005585695687610459
28.28125	0.005575904569995225
28.3125	0.00556614050445656
28.34375	0.005556403395840344
28.375	0.005546693148992455
28.40625	0.005537009668758778
28.4375	0.005527352859985189
28.46875	0.00551772262751757
28.5	0.005508118876201801
28.53125	0.005498541510883764
28.5625	0.005488990436409338
28.59375	0.005479465557624403
28.625	0.005469966779374839
28.65625	0.005460494006506528
28.6875	0.005451047143865349
28.71875	0.005441626096297185
28.75	0.005432230768647913
28.78125	0.005422861065763414
28.8125	0.00541351689248957
28.84375	0.005404198153672259
28.875	0.005394904754157364
28.90625	0.005385636598790765
28.9375	0.00537639359241834
28.96875	0.005367175639885972
29.	0.005357982646039541
29.03125	0.005348814515724926
29.0625	0.005339671153788007
29.09375	0.005330552465074666
29.125	0.005321458354430783
29.15625	0.005312388726702238
29.1875	0.005303343486734912
29.21875	0.005294322539374684
29.25	0.005285324731911637
29.28125	0.005276349977701222
29.3125	0.005267399249222071
29.34375	0.0052584724637065655
29.375	0.005249569538387088
29.40625	0.0052406903904960184
29.4375	0.005231834937265739
29.46875	0.0052230030959286335
29.5	0.005214194783717081
29.53125	0.005205409917863463
29.5625	0.00519664841560016
29.59375	0.005187910194159557
29.625	0.005179195170774033
29.65625	0.00517050326267597
29.6875	0.005161834387097751
29.71875	0.005153188461271756
29.75	0.005144565402430366
29.78125	0.005135965127805964
29.8125	0.00512738755463093
29.84375	0.005118832600137648
29.875	0.005110300181558498
29.90625	0.00510179021612586
29.9375	0.005093302621072119
29.96875	0.005084837313629654
30.	0.005076394211030847
30.03125	0.005067973230508079
30.0625	0.005059574289293734
30.09375	0.0050511973046201905
30.125	0.005042842193719834
30.15625	0.005034508873825039
30.1875	0.005026197262168196
30.21875	0.00501790727598168
30.25	0.005009637844717502
30.28125	0.005001388893571473
30.3125	0.004993161336953056
30.34375	0.004984955103663812
30.375	0.0049767701225053
30.40625	0.004968606322279081
30.4375	0.004960463631786713
30.46875	0.004952341979829759
30.5	0.004944241295209779
30.53125	0.004936161506728329
30.5625	0.004928102543186974
30.59375	0.004920064333387272
30.625	0.0049120468061307826
30.65625	0.004904049890219068
30.6875	0.004896073514453687
30.71875	0.004888117607636199
30.75	0.004880182098568165
30.78125	0.004872266916051147
30.8125	0.004864371988886703
30.84375	0.004856497245876393
30.875	0.0048486426158217775
30.90625	0.004840808027524416
30.9375	0.004832993409785871
30.96875	0.004825198691407701
31.	0.004817423801191466
31.03125	0.004809668667938726
31.0625	0.004801933220451042
31.09375	0.004794217387529974
31.125	0.004786521097977082
31.15625	0.004778844280593925
31.1875	0.004771186864182066
31.21875	0.004763548777543062
31.25	0.004755928995189689
31.28125	0.004748327453177525
31.3125	0.004740745044116996
31.34375	0.0047331817079891494
31.375	0.0047256373847750326
31.40625	0.004718112014455693
31.4375	0.004710605537012176
31.46875	0.0047031178924255325
31.5	0.004695649020676809
31.53125	0.004688198861747052
31.5625	0.004680767355617311
31.59375	0.0046733544422686325
31.625	0.004665960061682064
31.65625	0.004658584153838654
31.6875	0.00465122665871945
31.71875	0.0046438875163054985
31.75	0.004636566666577847
31.78125	0.004629264049517545
31.8125	0.00462197960510564
31.84375	0.004614713273323176
31.875	0.004607464994151205
31.90625	0.004600234707570771
31.9375	0.004593022353562927
31.96875	0.004585827872108714
32.	0.004578651203189184
32.0625	0.00456435106287836
32.125	0.004550121452478833
32.1875	0.004535961891838986
32.25	0.00452187001042356
32.3125	0.004507841321547457
32.375	0.004493880884733468
32.4375	0.004479988307328167
32.5	0.00446616319667813
32.5625	0.004452405160129933
32.625	0.0044387138050301506
32.6875	0.0044250887387253576
32.75	0.00441152956856213
32.8125	0.004398035901887042
32.875	0.004384607346046672
32.9375	0.004371243508387591
33.	0.004357943996256377
33.0625	0.004344708416999605
33.125	0.00433153637796385
33.1875	0.004318427486495687
33.25	0.0043053813499416916
33.3125	0.0042923975756484385
33.375	0.0042794757709625035
33.4375	0.004266615543230464
33.5	0.00425381649979889
33.5625	0.004241078248014362
33.625	0.004228400395223452
33.6875	0.004215782548772739
33.75	0.004203224316008794
33.8125	0.004190725304278194
33.875	0.004178285120927516
33.9375	0.004165903373303331
34.	0.004153579668752219
34.0625	0.0041413136146207525
34.125	0.004129104818255508
34.1875	0.00411695288700306
34.25	0.0041048541163617065
34.3125	0.004092801514536732
34.375	0.004080804696902671
34.4375	0.004068863348436464
34.5	0.004056977154115053
34.5625	0.004045145798915378
34.625	0.004033368967814382
34.6875	0.0040216463457890044
34.75	0.0040099776178161885
34.8125	0.003998362468872873
34.875	0.003986800583936002
34.9375	0.0039752916479825155
35.	0.003963835345989355
35.0625	0.00395243136293346
35.125	0.003941079383791776
35.1875	0.003929779093541241
35.25	0.003918530177158796
35.3125	0.003907332319621384
35.375	0.0038961852059059467
35.4375	0.003885088520989423
35.5	0.003874041949848757
35.5625	0.003863045177460888
35.625	0.0038520978888027576
35.6875	0.0038411997688513077
35.75	0.0038303505025834798
35.8125	0.0038195497749762136
35.875	0.003808797271006453
35.9375	0.003798092675651137
36.	0.0037874356738872078
36.0625	0.0037768259506916063
36.125	0.003766263191041275
36.1875	0.003755747079913154
36.25	0.003745274419062448
36.3125	0.003734839068441769
36.375	0.0037244495062224337
36.4375	0.003714105485433521
36.5	0.003703806759104112
36.5625	0.0036935530802632843
36.625	0.0036833442019401194
36.6875	0.0036731798771636954
36.75	0.003663059858963093
36.8125	0.003652983900367392
36.875	0.0036429517544056714
36.9375	0.0036329631741070104
37.	0.0036230179125004893
37.0625	0.003613115722615188
37.125	0.0036032563574801856
37.1875	0.0035934395701245616
37.25	0.0035836651135773964
37.3125	0.0035739327408677688
37.375	0.0035642422050247593
37.4375	0.0035545932590774457
37.5	0.0035449856560549105
37.5625	0.003535419148986231
37.625	0.0035258934909004874
37.6875	0.0035164084348267596
37.75	0.0035069637337941276
37.8125	0.00349755914083167
37.875	0.003488194408968467
37.9375	0.003478869291233599
38.	0.0034695835406561445
38.0625	0.0034603369102651827
38.125	0.003451129153089795
38.1875	0.0034419600221590597
38.25	0.003432826887784258
38.3125	0.0034237251549837774
38.375	0.003414661374985713
38.4375	0.00340563535432639
38.5	0.003396646899542134
38.5625	0.003387695817169271
38.625	0.0033787819137441263
38.6875	0.003369904995803025
38.75	0.0033610648698822933
38.8125	0.003352261342518255
38.875	0.003343494220247238
38.9375	0.003334763309605566
39.	0.0033260684171295646
39.0625	0.00331740934935556
39.125	0.0033087859128198773
39.1875	0.003300197914058842
39.25	0.0032916451596087786
39.3125	0.0032831274560060145
39.375	0.0032746446097868744
39.4375	0.003266196427487683
39.5	0.0032577827156447664
39.5625	0.0032494032807944507
39.625	0.0032410579294730605
39.6875	0.0032327464682169204
39.75	0.003224468703562358
39.8125	0.0032162244420456975
39.875	0.0032080134902032643
39.9375	0.0031998356545713848
40.	0.0031916907416863834
40.0625	0.0031835785580845858
40.125	0.003175498910302318
40.1875	0.0031674516048759045
40.25	0.0031594350904615136
40.3125	0.0031514458835072206
40.375	0.003143488481730776
40.4375	0.0031355627269242844
40.5	0.0031276684608798505
40.5625	0.003119805525389579
40.625	0.0031119737622455758
40.6875	0.0031041730132399447
40.75	0.0030964031201647915
40.8125	0.0030886639248122205
40.875	0.0030809552689743365
40.9375	0.003073276994443245
41.	0.0030656289430110503
41.0625	0.003058010956469858
41.125	0.003050422876611773
41.1875	0.003042864545228899
41.25	0.003035335804113342
41.3125	0.0030278364950572065
41.375	0.0030203664598525974
41.4375	0.0030129255402916205
41.5	0.003005513578166379
41.5625	0.0029981304152689797
41.625	0.0029907758933915255
41.6875	0.0029834498543261233
41.75	0.002976152139864877
41.8125	0.002968882591799891
41.875	0.002961641051923271
41.9375	0.0029544273620271213
42.	0.0029472413639035485
42.0625	0.002940082899344655
42.125	0.0029329518101425477
42.1875	0.00292584793808933
42.25	0.002918769650490048
42.3125	0.002911714248208446
42.375	0.0029046856293265862
42.4375	0.0028976836678702273
42.5	0.002890708237865127
42.5625	0.002883759213337044
42.625	0.002876836468311738
42.6875	0.0028699398768149654
42.75	0.002863069312872486
42.8125	0.0028562246505100587
42.875	0.0028494057637534404
42.9375	0.002842612526628391
43.	0.002835844813160669
43.0625	0.0028291024973760314
43.125	0.0028223854533002382
43.1875	0.002815693554959047
43.25	0.0028090266763782165
43.3125	0.002802384691583506
43.375	0.0027957674746006728
43.4375	0.0027891748994554755
43.5	0.0027826068401736732
43.5625	0.002776063170781025
43.625	0.002769543765303287
43.6875	0.00276304849776622
43.75	0.0027565772421955814
43.8125	0.00275012987261713
43.875	0.0027437062630566245
43.9375	0.002737306287539823
44.	0.002730929820092484
44.0625	0.0027245767347403656
44.125	0.002718246905509227
44.1875	0.0027119402064248264
44.25	0.0027056555716639765
44.3125	0.0026993909075342525
44.375	0.0026931490237234357
44.4375	0.0026869298168445224
44.5	0.002680733183510512
44.5625	0.0026745590203344025
44.625	0.0026684072239291905
44.6875	0.002662277690907877
44.75	0.002656170317883459
44.8125	0.0026500850014689334
44.875	0.0026440216382772994
44.9375	0.0026379801249215556
45.	0.0026319603580146986
45.0625	0.0026259622341697287
45.125	0.0026199856499996414
45.1875	0.0026140305021174373
45.25	0.002608096687136114
45.3125	0.002602184101668668
45.375	0.0025962926423280987
45.4375	0.0025904222057274045
45.5	0.0025845726884795835
45.5625	0.0025787439871976328
45.625	0.002572935998494552
45.6875	0.0025671486189833385
45.75	0.00256138174527699
45.8125	0.0025556352739885056
45.875	0.0025499091017308828
45.9375	0.00254420312511712
46.	0.0025385172407602153
46.0625	0.0025328513452731664
46.125	0.0025272053352689717
46.1875	0.0025215791073606307
46.25	0.002515971778358307
46.3125	0.0025103816935838027
46.375	0.0025048111035778082
46.4375	0.002499259923217202
46.5	0.0024937280673788596
46.5625	0.0024882154509396582
46.625	0.0024827219887764746
46.6875	0.0024772475957661856
46.75	0.0024717921867856672
46.8125	0.002466355676711797
46.875	0.0024609379804214518
46.9375	0.002455539012791508
47.	0.002450158688698842
47.0625	0.0024447969230203316
47.125	0.002439453630632852
47.1875	0.0024341287264132818
47.25	0.002428822125238497
47.3125	0.002423533741985373
47.375	0.0024182634915307887
47.4375	0.0024130112887516195
47.5	0.0024077770485247427
47.5625	0.002402560685727034
47.625	0.002397362115235372
47.6875	0.002392181251926632
47.75	0.0023870180106776917
47.8125	0.002381872306365427
47.875	0.002376744053866715
47.9375	0.0023716331680584323
48.	0.002366539563817456
48.0625	0.002361463156020663
48.125	0.00235640385954493
48.1875	0.002351361589267133
48.25	0.00234633564314406
48.3125	0.0023413247086892584
48.375	0.002336330563127856
48.4375	0.0023313531357862997
48.5	0.002326392355991035
48.5625	0.0023214481530685087
48.625	0.0023165204563451677
48.6875	0.0023116091951474577
48.75	0.002306714298801824
48.8125	0.0023018356966347155
48.875	0.002296973317972577
48.9375	0.002292127092141854
49.	0.002287296948468995
49.0625	0.002282482816280445
49.125	0.0022776846249026503
49.1875	0.0022729023036620576
49.25	0.0022681357818851136
49.3125	0.0022633849888982643
49.375	0.0022586498540279557
49.4375	0.002253930306600634
49.5	0.002249226275942747
49.5625	0.0022445376913807404
49.625	0.002239864482241059
49.6875	0.0022352065778501514
49.75	0.0022305639075344626
49.8125	0.002225936400620439
49.875	0.0022213239864345277
49.9375	0.0022167265943031744
50.	0.0022121441535528264
50.0625	0.0022075765935099293
50.125	0.002203023843500929
50.1875	0.0021984858328522724
50.25	0.002193961995567504
50.3125	0.002189451275013501
50.375	0.002184955096306382
50.4375	0.0021804734003771143
50.5	0.0021760061281566653
50.5625	0.0021715532205760007
50.625	0.002167114618566089
50.6875	0.002162690263057895
50.75	0.002158280094982387
50.8125	0.002153884055270531
50.875	0.0021495020848532947
50.9375	0.0021451341246616442
51.	0.0021407801156265466
51.0625	0.0021364399986789693
51.125	0.002132113714749879
51.1875	0.0021278012047702415
51.25	0.0021235024096710243
51.3125	0.002119217270383195
51.375	0.0021149457278377194
51.4375	0.002110687722965564
51.5	0.0021064431966976976
51.5625	0.0021022120899650853
51.625	0.0020979943436986942
51.6875	0.0020937898988294917
51.75	0.002089598696288444
51.8125	0.0020854206770065187
51.875	0.002081255781914682
51.9375	0.002077103951943901
52.	0.0020729651280251434
52.0625	0.002068839251089374
52.125	0.0020647262620675615
52.1875	0.002060626101890672
52.25	0.0020565383117208125
52.3125	0.0020524620375924293
52.375	0.0020483984268054116
52.4375	0.0020443474296515515
52.5	0.0020403089964226417
52.5625	0.002036283077410473
52.625	0.002032269622906837
52.6875	0.0020282685832035256
52.75	0.00202427990859233
52.8125	0.0020203035493650424
52.875	0.002016339455813455
52.9375	0.0020123875782293585
53.	0.002008447866904545
53.0625	0.002004520272130806
53.125	0.002000604744199934
53.1875	0.001996701233403719
53.25	0.0019928096900339544
53.3125	0.001988930064382431
53.375	0.001985062306740941
53.4375	0.0019812063674012753
53.5	0.0019773621966552263
53.5625	0.001973529744794585
53.625	0.0019697089621111444
53.6875	0.0019658997988966946
53.75	0.0019621022054430283
53.8125	0.0019583161320419363
53.875	0.0019545415289852117
53.9375	0.0019507783465646444
54.	0.0019470265350720274
54.0625	0.001943286044799152
54.125	0.0019395568260378105
54.1875	0.0019358388290797936
54.25	0.0019321316778610927
54.3125	0.0019284346708492255
54.375	0.0019247487460873941
54.4375	0.0019210738615262231
54.5	0.001917409975116336
54.5625	0.0019137570448083565
54.625	0.0019101150285529096
54.6875	0.0019064838843006185
54.75	0.0019028635700021072
54.8125	0.0018992540436079995
54.875	0.00189565526306892
54.9375	0.001892067186335492
55.	0.0018884897713583395
55.0625	0.0018849229760880871
55.125	0.0018813667584753587
55.1875	0.0018778210764707774
55.25	0.0018742858880249679
55.3125	0.0018707611510885539
55.375	0.0018672468236121595
55.4375	0.0018637428635464087
55.5	0.001860249228841925
55.5625	0.0018567658774493333
55.625	0.0018532927673192566
55.6875	0.0018498298564023194
55.75	0.0018463771026491454
55.8125	0.0018429344640103588
55.875	0.0018395018984365835
55.9375	0.0018360793638784432
56.	0.0018326668182865626
56.0625	0.0018292642196115648
56.125	0.0018258715258040736
56.1875	0.0018224886948147144
56.25	0.0018191154183682797
56.3125	0.0018157511284592307
56.375	0.0018123965829941824
56.4375	0.0018090517461376249
56.5	0.0018057165820540492
56.5625	0.0018023910549079458
56.625	0.0017990751288638048
56.6875	0.0017957687680861167
56.75	0.0017924719367393724
56.8125	0.0017891845989880613
56.875	0.0017859067189966746
56.9375	0.001782638260929703
57.	0.0017793791889516362
57.0625	0.0017761294672269657
57.125	0.0017728890599201805
57.1875	0.0017696579311957718
57.25	0.0017664360452182297
57.3125	0.0017632233661520455
57.375	0.001760019858161709
57.4375	0.0017568254854117104
57.5	0.001753640212066541
57.5625	0.0017504640022906902
57.625	0.0017472968202486491
57.6875	0.001744138630104908
57.75	0.001740989396023957
57.8125	0.0017378490821702867
57.875	0.0017347176527083884
57.9375	0.0017315950718027515
58.	0.0017284813036178666
58.0625	0.0017253763123182245
58.125	0.001722280062068315
58.1875	0.001719192517032629
58.25	0.0017161134236544334
58.3125	0.0017130423103570395
58.375	0.0017099798011578743
58.4375	0.001706925865336077
58.5	0.001703880472170787
58.5625	0.0017008435909411427
58.625	0.0016978151909262836
58.6875	0.0016947952414053484
58.75	0.0016917837116574763
58.8125	0.0016887805709618067
58.875	0.0016857857885974777
58.9375	0.0016827993338436292
59.	0.0016798211759794
59.0625	0.0016768512842839285
59.125	0.001673889628036355
59.1875	0.001670936176515817
59.25	0.001667990899001455
59.3125	0.0016650537647724063
59.375	0.0016621247431078115
59.4375	0.0016592038032868092
59.5	0.0016562909145885376
59.5625	0.0016533860462921368
59.625	0.0016504891676767455
59.6875	0.0016476002480215026
59.75	0.0016447192566055467
59.8125	0.0016418461627080176
59.875	0.0016389809356080539
59.9375	0.0016361235445847952
60.	0.0016332739589173797
60.0625	0.0016304321478849463
60.125	0.0016275980807666352
60.1875	0.0016247717268415844
60.25	0.0016219528666274318
60.3125	0.001619141093412599
60.375	0.001616336946758448
60.4375	0.0016135404003679446
60.5	0.0016107514279440557
60.5625	0.001607970003189748
60.625	0.0016051960998079882
60.6875	0.001602429691501742
60.75	0.0015996707519739769
60.8125	0.0015969192549276587
60.875	0.0015941751740657544
60.9375	0.0015914384830912306
61.	0.0015887091557070534
61.0625	0.0015859871656161895
61.125	0.0015832724865216057
61.1875	0.0015805650921262686
61.25	0.0015778649561331442
61.3125	0.0015751720522451998
61.375	0.0015724863541654015
61.4375	0.0015698078355967154
61.5	0.0015671364702421094
61.5625	0.0015644722318045486
61.625	0.0015618150939870003
61.6875	0.0015591650304924306
61.75	0.0015565220150238067
61.8125	0.0015538860212840943
61.875	0.0015512570229762605
61.9375	0.001548634993803272
62.	0.001546019907468095
62.0625	0.0015434117376736962
62.125	0.0015408104581230422
62.1875	0.0015382160425190992
62.25	0.0015356282847275979
62.3125	0.001533046801456995
62.375	0.0015304721085034054
62.4375	0.0015279041837773194
62.5	0.0015253430051892268
62.5625	0.0015227885506496179
62.625	0.0015202407980689824
62.6875	0.001517699725357811
62.75	0.001515165310426593
62.8125	0.0015126375311858196
62.875	0.0015101163655459801
62.9375	0.0015076017914175649
63.	0.0015050937867110638
63.0625	0.001502592329336967
63.125	0.0015000973972057652
63.1875	0.001497608968227948
63.25	0.0014951270203140056
63.3125	0.0014926515313744282
63.375	0.0014901824793197055
63.4375	0.0014877198420603283
63.5	0.001485263597506786
63.5625	0.0014828137235695694
63.625	0.0014803701981591678
63.6875	0.0014779329991860721
63.75	0.0014755021045607724
63.8125	0.001473077492193758
63.875	0.0014706591399955198
63.9375	0.0014682470258765474
64.	0.0014658411277473312
64.125	0.001461047891100128
64.25	0.0014562788971209364
64.375	0.001451531745483828
64.5	0.0014468086995708224
64.625	0.0014421096158690045
64.75	0.0014374343508654578
64.875	0.0014327827610472665
65.	0.0014281547029015148
65.125	0.0014235500329152875
65.25	0.0014189686075756678
65.375	0.0014144102833697403
65.5	0.0014098749167845885
65.625	0.001405362364307298
65.75	0.0014008724824249507
65.875	0.0013964051276246325
66.	0.001391960156393427
66.125	0.001387537425218418
66.25	0.00138313679058669
66.375	0.001378758108985327
66.5	0.0013744012369014131
66.625	0.0013700660308220323
66.75	0.0013657523472342687
66.875	0.0013614600426252064
67.	0.0013571889734819303
67.125	0.0013529389962915236
67.25	0.0013487099675410707
67.375	0.0013445017437176555
67.5	0.0013403141813083624
67.625	0.0013361471368002757
67.75	0.001332000466680479
67.875	0.0013278740274360568
68.	0.001323767675554093
68.125	0.001319681267521672
68.25	0.0013156140296619238
68.375	0.0013115620473174538
68.5	0.0013075296114991213
68.625	0.0013035166082168588
68.75	0.0012995229234805986
68.875	0.001295548443300275
69.	0.0012915930536858192
69.125	0.0012876566406471647
69.25	0.001283739090194244
69.375	0.0012798402883369899
69.5	0.0012759601210853351
69.625	0.001272098474449213
69.75	0.0012682552344385554
69.875	0.0012644302870632952
70.	0.0012606235183333656
70.125	0.0012568348142586994
70.25	0.0012530640608492288
70.375	0.0012493111441148866
70.5	0.0012455759500656063
70.625	0.0012418583647113197
70.75	0.0012381582740619602
70.875	0.0012344755641274603
71.	0.001230810120917753
71.125	0.0012271618304427706
71.25	0.0012235305787124463
71.375	0.0012199162517367123
71.5	0.0012163187355255021
71.625	0.0012127379160887478
71.75	0.0012091736794363826
71.875	0.0012056259115783392
72.	0.0012020944985245497
72.125	0.0011985793262849478
72.25	0.0011950797371417525
72.375	0.0011915923608208211
72.5	0.0011881209120173648
72.625	0.0011846653022287916
72.75	0.0011812254429525097
72.875	0.0011778012456859271
73.	0.0011743926219264528
73.125	0.0011709994831714944
73.25	0.0011676217409184602
73.375	0.0011642593066647589
73.5	0.0011609120919077978
73.625	0.001157580008144986
73.75	0.0011542629668737318
73.875	0.001150960879591443
74.	0.0011476736577955282
74.125	0.001144401212983395
74.25	0.0011411434566524522
74.375	0.001137900300300108
74.5	0.0011346716554237707
74.625	0.0011314574335208483
74.75	0.0011282575460887497
74.875	0.001125071904624882
75.	0.0011219004206266543
75.125	0.0011187430055914745
75.25	0.001115599571016751
75.375	0.001112470028399892
75.5	0.001109354289238306
75.625	0.0011062522650294008
75.75	0.0011031638672705849
75.875	0.0011000890074592668
76.	0.0010970275970928539
76.125	0.001093979547668755
76.25	0.001090944366252828
76.375	0.0010879195457323704
76.5	0.0010849078419538913
76.625	0.001081909185352442
76.75	0.0010789235063630724
76.875	0.0010759507354208336
77.	0.001072990802960776
77.125	0.0010700436394179504
77.25	0.0010671091752274071
77.375	0.0010641873408241973
77.5	0.0010612780666433715
77.625	0.0010583812831199799
77.75	0.0010554969206890738
77.875	0.0010526249097857032
78.	0.0010497651808449194
78.125	0.0010469176643017723
78.25	0.0010440822905913134
78.375	0.0010412589901485927
78.5	0.001038447693408661
78.625	0.0010356483308065691
78.75	0.0010328608327773675
78.875	0.0010300851297561074
79.	0.0010273211521778383
79.125	0.0010245688304776116
79.25	0.0010218280950904783
79.375	0.0010190988764514882
79.5	0.0010163811049956923
79.625	0.0010136747111581415
79.75	0.0010109796253738863
79.875	0.0010082957780779772
80.	0.001005623099705465
80.125	0.0010029615206914003
80.25	0.0010003106662981656
80.375	0.0009976686391897959
80.5	0.000995037518839184
80.625	0.0009924172499873561
80.75	0.000989807777375339
80.875	0.0009872090457441582
81.	0.0009846209998348409
81.125	0.0009820435843884126
81.25	0.0009794767441459005
81.375	0.0009769204238483306
81.5	0.000974374568236729
81.625	0.0009718391220521225
81.75	0.000969314030035537
81.875	0.0009667992369279991
82.	0.0009642946874705351
82.125	0.0009618003264041716
82.25	0.0009593160984699343
82.375	0.0009568419484088504
82.5	0.0009543778209619458
82.625	0.0009519236608702468
82.75	0.0009494794128747799
82.875	0.0009470450217165712
83.	0.0009446204321366476
83.125	0.000942205588876035
83.25	0.0009398004366757595
83.375	0.0009374049202768481
83.5	0.0009350189844203267
83.625	0.0009326425738472219
83.75	0.0009302756332985599
83.875	0.0009279181075153672
84.	0.0009255699412386701
84.125	0.0009232310792094947
84.25	0.0009209012406180077
84.375	0.0009185790209949047
84.5	0.0009162659517276111
84.625	0.0009139619881207302
84.75	0.000911667085478865
84.875	0.0009093811991066178
85.	0.0009071042843085917
85.125	0.0009048362963893898
85.25	0.0009025771906536143
85.375	0.0009003269224058686
85.5	0.000898085446950755
85.625	0.0008958527195928766
85.75	0.0008936286956368364
85.875	0.0008914133303872369
86.	0.000889206579148681
86.125	0.0008870083972257718
86.25	0.0008848187399231118
86.375	0.0008826375625453039
86.5	0.0008804648203969508
86.625	0.0008783004687826558
86.75	0.0008761444630070209
86.875	0.0008739967583746497
87.	0.0008718573101901446
87.125	0.0008697260737581089
87.25	0.0008676030043831448
87.375	0.0008654880573698552
87.5	0.0008633811880228434
87.625	0.0008612823516467119
87.75	0.0008591915035460634
87.875	0.0008571085990255008
88.	0.0008550335933896272
88.125	0.0008529664419430451
88.25	0.0008509069131720124
88.375	0.0008488538428175665
88.5	0.0008468085024224493
88.625	0.0008447708560528152
88.75	0.0008427408677748189
88.875	0.0008407185016546147
89.	0.000838703721758358
89.125	0.000836696492152203
89.25	0.0008346967769023048
89.375	0.0008327045400748176
89.5	0.0008307197457358967
89.625	0.0008287423579516962
89.75	0.0008267723407883714
89.875	0.0008248096583120766
90.	0.0008228542745889668
90.125	0.0008209061536851963
90.25	0.0008189652596669204
90.375	0.0008170315566002933
90.5	0.0008151050085514696
90.625	0.0008131855795866046
90.75	0.0008112732337718527
90.875	0.0008093679351733683
91.	0.0008074696478573068
91.125	0.0008055783358898222
91.25	0.0008036939633370697
91.375	0.0008018164942652036
91.5	0.0007999458927403792
91.625	0.0007980821228287505
91.75	0.0007962251485964726
91.875	0.0007943749341097001
92.	0.000792531443434588
92.125	0.0007906946406372906
92.25	0.0007888643542198503
92.375	0.000787039739532758
92.5	0.0007852217120524299
92.625	0.0007834102421811588
92.75	0.0007816053003212365
92.875	0.0007798068568749555
93.	0.0007780148822446073
93.125	0.0007762293468324848
93.25	0.0007744502210408795
93.375	0.0007726774752720837
93.5	0.0007709110799283896
93.625	0.0007691510054120892
93.75	0.0007673972221254749
93.875	0.0007656497004708385
94.	0.0007639084108504723
94.125	0.0007621733236666682
94.25	0.0007604444093217186
94.375	0.0007587216382179158
94.5	0.0007570049807575515
94.625	0.0007552944073429177
94.75	0.0007535898883763069
94.875	0.0007518913942600113
95.	0.0007501988953963229
95.125	0.0007485123621875336
95.25	0.0007468317650359355
95.375	0.0007451570743438212
95.5	0.0007434882605134824
95.625	0.0007418252939472114
95.75	0.0007401681450473003
95.875	0.0007385167842160413
96.	0.0007368711818557261
96.125	0.0007352313083686474
96.25	0.0007335970244167063
96.375	0.0007319676419084168
96.5	0.0007303439052749032
96.625	0.0007287257900700883
96.75	0.0007271132718478954
96.875	0.0007255063261622475
97.	0.0007239049285670677
97.125	0.000722309054616279
97.25	0.0007207186798638048
97.375	0.0007191337798635678
97.5	0.0007175543301694914
97.625	0.0007159803063354983
97.75	0.0007144116839155118
97.875	0.0007128484384634549
98.	0.0007112905455332507
98.125	0.0007097379806788223
98.25	0.0007081907194540927
98.375	0.0007066487374129853
98.5	0.0007051120101094227
98.625	0.0007035805130973283
98.75	0.000702054221930625
98.875	0.0007005331121632361
99.	0.0006990171593490844
99.125	0.000697506339042093
99.25	0.0006960006267961853
99.375	0.0006944999981652838
99.5	0.0006930044287033124
99.625	0.0006915138939641934
99.75	0.0006900283695018502
99.875	0.0006885478308702057
100.	0.0006870722536231834
100.125	0.0006856016133147061
100.25	0.0006841357974357461
100.375	0.0006826742521830204
100.5	0.0006812175751861311
100.625	0.0006797657461385122
100.75	0.0006783187447335977
100.875	0.0006768765506648217
101.	0.0006754391436256174
101.125	0.0006740065033094193
101.25	0.0006725786094096613
101.375	0.0006711554416197773
101.5	0.0006697369796332009
101.625	0.0006683232031433665
101.75	0.0006669140918437076
101.875	0.0006655096254276582
102.	0.0006641097835886524
102.125	0.0006627145460201241
102.25	0.0006613238924155071
102.375	0.0006599378024682353
102.5	0.0006585562558717427
102.625	0.0006571792323194632
102.75	0.0006558067115048306
102.875	0.000654438673121279
103.	0.0006530750968622422
103.125	0.0006517159624211542
103.25	0.000650361249491449
103.375	0.0006490109377665603
103.5	0.000647665006939922
103.625	0.0006463234367049683
103.75	0.0006449862067551327
103.875	0.0006436532967838497
104.	0.0006423246864845527
104.125	0.0006410003555506758
104.25	0.0006396802135733618
104.375	0.0006383638217541356
104.5	0.0006370516520696324
104.625	0.0006357436874915164
104.75	0.0006344399109914532
104.875	0.0006331403055411072
105.	0.0006318448541121435
105.125	0.0006305535396762273
105.25	0.000629266345205023
105.375	0.0006279832536701958
105.5	0.0006267042480434104
105.625	0.0006254293112963321
105.75	0.0006241584264006254
105.875	0.0006228915763279555
106.	0.000621628744049987
106.125	0.0006203699125383852
106.25	0.0006191150647648148
106.375	0.0006178641837009407
106.5	0.0006166172523184278
106.625	0.0006153742535889412
106.75	0.0006141351704841455
106.875	0.0006128999859757058
107.	0.000611668683035287
107.125	0.0006104412446345541
107.25	0.0006092176537451719
107.375	0.0006079978933388052
107.5	0.0006067819463871191
107.625	0.0006055697958617784
107.75	0.0006043614247344481
107.875	0.0006031568159767931
108.	0.0006019559525604781
108.125	0.0006007588174571683
108.25	0.0005995653341838472
108.375	0.0005983751361436063
108.5	0.0005971886184286193
108.625	0.0005960057667594258
108.75	0.0005948265668565658
108.875	0.0005936510044405789
109.	0.0005924790652320043
109.125	0.0005913107349513823
109.25	0.0005901459993192522
109.375	0.0005889848440561539
109.5	0.0005878272548826269
109.625	0.0005866732175192111
109.75	0.0005855227176864459
109.875	0.0005843757411048713
110.	0.0005832322734950268
110.125	0.0005820923005774519
110.25	0.0005809558080726866
110.375	0.0005798227817012707
110.5	0.0005786932071837435
110.625	0.0005775670702406446
110.75	0.0005764443565925143
110.875	0.0005753250519598917
111.	0.0005742091420633166
111.125	0.000573096612623329
111.25	0.0005719874493604683
111.375	0.0005708816379952743
111.5	0.0005697791642482865
111.625	0.0005686800138400447
111.75	0.0005675841724910886
111.875	0.0005664916259219577
112.	0.0005654023598531921
112.125	0.0005643163600053311
112.25	0.0005632335692854244
112.375	0.0005621537061773188
112.5	0.0005610770687730514
112.625	0.0005600036448636071
112.75	0.0005589334222399711
112.875	0.000557866388693129
113.	0.0005568025320140655
113.125	0.0005557418399937661
113.25	0.0005546843004232159
113.375	0.0005536299010934
113.5	0.0005525786297953041
113.625	0.0005515304743199129
113.75	0.0005504854224582119
113.875	0.0005494434620011859
114.	0.0005484045807398205
114.125	0.0005473687664651008
114.25	0.0005463360069680121
114.375	0.0005453062900395394
114.5	0.0005442796034706679
114.625	0.0005432559350523834
114.75	0.0005422352725756702
114.875	0.0005412176038315141
115.	0.0005402029166109002
115.125	0.0005391911987048136
115.25	0.0005381824379042395
115.375	0.0005371766220001633
115.5	0.0005361737387835699
115.625	0.000535173776045445
115.75	0.0005341767215767733
115.875	0.0005331825631685402
116.	0.000532191288611731
116.125	0.0005312028856973307
116.25	0.0005302173016671243
116.375	0.0005292342885942972
116.5	0.0005282541126334174
116.625	0.0005272767634344509
116.75	0.0005263022306473641
116.875	0.0005253305039221236
117.	0.0005243615729086956
117.125	0.0005233954272570464
117.25	0.0005224320566171426
117.375	0.00052147145063895
117.5	0.0005205135989724356
117.625	0.0005195584912675652
117.75	0.0005186061171743056
117.875	0.000517656466342623
118.	0.0005167095284224835
118.125	0.0005157652930638538
118.25	0.0005148237499167
118.375	0.0005138848886309887
118.5	0.0005129486988566862
118.625	0.0005120151702437585
118.75	0.0005110842924421726
118.875	0.0005101560551018943
119.	0.00050923044787289
119.125	0.0005083074604051263
119.25	0.0005073870823485694
119.375	0.0005064693033531857
119.5	0.0005055541130689415
119.625	0.0005046415011458034
119.75	0.0005037314572337373
119.875	0.0005028239709827099
120.	0.0005019190320426875
120.125	0.0005010166300636363
120.25	0.0005001167234516035
120.375	0.00049921911371293
120.5	0.0004983240115388139
120.625	0.0004974314080498324
120.75	0.000496541294366563
120.875	0.0004956536616095829
121.	0.0004947685008994694
121.125	0.0004938858033567996
121.25	0.0004930055601021511
121.375	0.0004921277622561009
121.5	0.0004912524009392267
121.625	0.0004903794672721054
121.75	0.0004895089523753144
121.875	0.0004886408473694313
122.	0.0004877751433750329
122.125	0.0004869118315126967
122.25	0.0004860509029030003
122.375	0.0004851923486665205
122.5	0.00048433615992383473
122.625	0.00048348232779552063
122.75	0.00048263084340215503
122.875	0.0004817816978643155
123.	0.0004809348823025794
123.125	0.0004800903878375237
123.25	0.000479248205589726
123.375	0.00047840832667976347
123.5	0.00047757074222821327
123.625	0.000476735443355653
123.75	0.0004759024211826597
123.875	0.00047507166682981086
124.	0.00047424317141768366
124.125	0.00047341692606685536
124.25	0.00047259292189790326
124.375	0.0004717711500314048
124.5	0.0004709516015879372
124.625	0.0004701342676880776
124.75	0.0004693191394524034
124.875	0.0004685062080014921
125.	0.0004676954644559206
125.125	0.0004668868999362666
125.25	0.00046608050556310707
125.375	0.00046527627245701955
125.5	0.00046447419173858105
125.625	0.0004636742545283691
125.75	0.00046287645194696106
125.875	0.00046208077511493396
126.	0.00046128721515286536
126.125	0.00046049576318133226
126.25	0.0004597064103209123
126.375	0.0004589191476921825
126.5	0.00045813396641572024
126.625	0.00045735085761210273
126.75	0.00045656981240190756
126.875	0.0004557908219057116
127.	0.0004550138772440926
127.125	0.0004542389695376275
127.25	0.00045346608990689375
127.375	0.00045269522947246856
127.5	0.00045192637935492937
127.625	0.00045115953067485326
127.75	0.0004503946745528178
127.875	0.00044963180210940004
128.	0.00044887090446517737